25 0 1077 557.968907 0 0.000000 0.010000 
33 808 837 112.014021 0 0.000000 0.010000 
34 622 635 281.436376 0 0.000000 0.010000 
35 450 497 76.034808 0 0.000000 0.010000 
36 735 685 223.752229 0 0.000000 0.010000 
37 33 74 481.596315 0 0.000000 0.010000 
76 958 961 28.147528 0 0.000000 0.010000 
77 916 918 80.201543 0 0.000000 0.009000 
78 935 949 67.977751 0 0.000000 0.009000 
79 968 972 30.988833 0 0.000000 0.010000 
80 971 956 223.255673 0 0.000000 0.010000 
81 826 834 303.965076 0 0.000000 0.010000 
179 813 762 194.844272 0 0.000000 0.009000 
220 480 562 145.044485 0 0.000000 0.010000 
230 429 437 37.638394 0 0.000000 0.009000 
231 330 357 52.998142 0 0.000000 0.010000 
252 0 1284 197.350724 0 0.000000 0.000000 
269 18 28 391.166662 0 0.000000 0.291000 
302 0 1093 472.743132 0 0.000000 0.008000 
329 1106 1093 363.402788 0 0.000000 0.008000 
330 1017 1006 300.797272 0 0.000000 0.009000 
331 973 949 331.182708 0 0.000000 0.009000 
332 918 935 74.059724 0 0.000000 0.009000 
333 1027 1015 118.109268 0 0.000000 0.010000 
400 1017 1006 64.799396 0 0.000000 0.009000 
436 391 468 199.324429 0 0.000000 0.010000 
437 403 362 196.761706 0 0.000000 0.010000 
438 323 261 357.155976 0 0.000000 0.010000 
439 299 322 156.361283 0 0.000000 0.010000 
440 190 262 296.686427 12 0.000000 0.009000 
507 257 304 135.973346 14 0.000000 0.010000 
517 668 614 181.143959 14 0.000000 0.010000 
632 979 981 58.351016 14 0.000000 0.010000 
633 677 678 27.823007 12 0.000000 0.010000 
634 21 22 9.087119 14 0.000000 0.010000 
635 4 9 310.857627 14 0.000000 0.000000 
673 1011 1027 200.263708 14 0.000000 0.010000 
704 622 599 174.616904 14 0.000000 0.010000 
705 701 668 105.423132 14 0.000000 0.010000 
706 450 468 158.357877 14 0.000000 0.010000 
721 2 8 137.010299 14 0.000000 0.010000 
732 614 637 231.873340 14 0.000000 0.010000 
733 348 429 212.455836 12 0.000000 0.009000 
735 0 4 203.376327 14 0.028705 0.973000 
772 172 168 249.092451 14 0.000000 0.009000 
927 958 965 36.373523 14 0.000000 0.010000 
928 352 391 73.784441 12 0.000000 0.009000 
929 21 28 116.145715 14 0.000000 0.291000 
952 1017 1010 137.975758 14 0.000000 0.009000 
953 1006 990 67.113497 14 0.000000 0.009000 
954 859 845 180.199432 14 0.000000 0.010000 
955 828 850 68.453848 14 0.000000 0.010000 
1078 316 303 99.826292 14 0.000000 0.010000 
1099 697 725 303.007428 14 0.000000 0.010000 
1257 299 325 74.106251 12 0.000000 0.000000 
1351 3 4 45.048017 14 0.000000 0.000000 
1359 851 831 309.128191 14 0.000000 0.009000 
1409 391 450 152.517151 14 0.000000 0.010000 
1410 325 352 71.460720 12 0.000000 0.009000 
1411 401 403 134.901412 14 0.000000 0.010000 
1412 317 322 77.100502 14 0.000000 0.010000 
1413 270 267 90.945155 14 0.000000 0.010000 
1414 251 262 23.283665 14 0.000000 0.009000 
1415 187 190 10.451093 12 0.000000 0.009000 
1522 1010 990 210.140768 14 0.000000 0.009000 
1523 874 907 412.500560 14 0.000000 0.010000 
1524 850 868 70.381681 14 0.000000 0.010000 
1525 832 846 116.186661 14 0.000000 0.010000 
1526 771 803 196.665006 14 0.000000 0.010000 
1527 827 872 136.670612 14 0.000000 0.010000 
1528 761 783 314.993090 14 0.000000 0.010000 
1529 669 659 158.343764 14 0.000000 0.010000 
1530 612 577 60.826881 12 0.000000 0.000000 
1531 317 466 448.795925 14 0.000000 0.010000 
1532 965 981 72.079474 14 0.000000 0.010000 
1533 316 344 83.547592 14 0.000000 0.010000 
1534 253 303 135.636512 12 0.000000 0.009000 
1535 255 272 53.627754 14 0.000000 0.010000 
1536 205 219 71.644335 12 0.000000 0.010000 
1537 237 281 130.376620 14 0.000000 0.010000 
1542 0 2 88.055329 14 0.000000 0.000000 
1714 451 481 66.174883 14 0.000000 0.010000 
1717 748 736 166.348707 14 0.000000 0.010000 
1718 670 483 531.386233 14 0.000000 0.010000 
1719 511 500 190.530019 14 0.000000 0.010000 
1795 251 190 218.049733 14 0.000000 0.009000 
1796 262 283 72.773625 12 0.000000 0.009000 
1797 519 511 34.958345 14 0.000000 0.010000 
1798 1281 1115 31.678174 12 0.000000 0.008000 
1799 1106 1017 2048.021388 14 0.000000 0.009000 
1823 817 787 152.881742 14 0.000000 0.000000 
1824 668 724 165.150940 14 0.000000 0.010000 
1825 1093 1027 1290.725156 14 0.000000 0.008000 
1826 950 958 40.327392 14 0.000000 0.010000 
1881 473 425 97.549322 14 0.000000 0.010000 
1956 15 18 145.373638 14 0.000000 0.010000 
1957 0 5 37.135893 14 0.000000 0.000000 
1958 1115 1119 90.698517 14 0.000000 0.009000 
1959 993 996 57.779714 14 0.000000 0.010000 
1960 1032 1018 198.083587 14 0.000000 0.010000 
2001 736 758 71.412973 14 0.000000 0.009000 
2002 709 719 269.255025 14 0.000000 0.010000 
2049 253 281 93.286708 14 0.000000 0.010000 
2050 150 151 266.474158 14 0.000000 0.009000 
2091 441 403 211.925000 14 0.000000 0.010000 
2092 270 317 101.007564 14 0.000000 0.010000 
2113 2 3 134.059123 14 0.038273 0.000000 
2128 762 798 134.572455 14 0.000000 0.010000 
2129 734 759 218.054667 14 0.000000 0.010000 
2130 991 993 72.005067 14 0.000000 0.010000 
2131 813 824 206.133544 14 0.000000 0.010000 
2281 281 316 96.888928 14 0.000000 0.010000 
2282 287 255 253.320088 14 0.000000 0.009000 
2283 63 205 785.306162 12 0.000000 0.010000 
2286 199 270 216.932659 14 0.000000 0.009000 
2363 8 15 78.144083 14 0.000000 0.010000 
2364 11 18 86.010999 14 0.000000 0.000000 
2410 965 968 30.883305 14 0.000000 0.010000 
2481 851 831 397.333637 14 0.000000 0.010000 
2482 989 872 608.632641 14 0.000000 0.000000 
2483 267 299 125.234968 12 0.000000 0.010000 
2484 407 451 156.936211 14 0.000000 0.010000 
2499 303 313 39.235744 12 0.000000 0.009000 
2593 1005 999 251.556094 12 0.000000 0.010000 
2594 935 918 254.085474 14 0.000000 0.009000 
2595 949 973 74.213544 14 0.000000 0.009000 
2596 914 893 146.414225 12 0.000000 0.012000 
2597 990 976 61.240184 14 0.000000 0.010000 
2598 924 956 151.845848 14 0.000000 0.010000 
2600 303 279 114.976207 14 0.000000 0.009000 
2601 313 348 117.860564 12 0.000000 0.009000 
2602 219 253 123.577367 12 0.000000 0.009000 
2780 469 613 236.650130 14 0.000000 0.010000 
2818 955 965 115.855473 14 0.000000 0.010000 
2895 730 744 32.997630 14 0.000000 0.010000 
2896 928 929 18.817031 14 0.000000 0.010000 
2954 751 761 36.913985 14 0.000000 0.010000 
2955 774 736 103.961434 14 0.000000 0.009000 
2956 659 686 89.086786 12 0.000000 0.010000 
3184 688 673 85.034940 12 0.000000 0.016000 
3202 910 924 95.051392 14 0.000000 0.010000 
3203 616 827 674.282920 14 0.000000 0.000000 
3211 3 11 128.707903 14 0.000000 0.010000 
3295 1090 1115 553.951482 14 0.000000 0.009000 
3296 19 21 30.426622 14 0.000000 0.010000 
3344 306 283 50.640837 12 0.000000 0.010000 
3345 28 31 47.717377 14 0.000000 0.291000 
3502 135 291 656.787657 14 0.000000 0.019000 
3503 393 400 102.471043 14 0.000000 0.010000 
3504 531 601 128.082213 14 0.000000 0.152000 
3505 625 607 41.582685 14 0.000000 0.152000 
3506 641 625 84.695968 14 0.000000 0.152000 
3583 85 187 579.073349 14 0.000000 0.010000 
3612 936 984 190.521483 7 0.000000 0.010000 
3659 939 950 95.637539 14 0.000000 0.010000 
3660 241 251 49.299254 14 0.000000 0.009000 
3673 1005 1007 138.298724 12 0.000000 0.010000 
3733 855 858 44.456432 14 0.000000 0.010000 
3734 838 858 54.176406 14 0.000000 0.010000 
3735 99 102 82.002939 14 0.000000 0.010000 
3736 395 389 80.147057 14 0.000000 0.010000 
3737 227 274 122.119992 14 0.230108 1.325000 
3791 411 378 65.576471 12 0.000000 0.010000 
3818 462 499 69.565856 14 0.000000 0.010000 
3942 378 331 86.455165 12 0.000000 0.010000 
3988 536 535 20.164280 14 0.000000 0.010000 
3989 277 283 17.902589 14 0.000000 0.010000 
4180 524 561 70.778475 13 0.000000 0.010000 
4188 886 870 80.899584 14 0.000000 0.010000 
4195 954 953 95.498520 14 0.000000 0.010000 
4196 902 894 54.369186 14 0.000000 0.010000 
4197 1026 1004 137.041881 14 0.000000 0.009000 
4217 1071 1057 175.599763 14 0.000000 0.008000 
4218 1092 1071 702.767489 14 0.000000 0.010000 
4224 731 728 98.400463 14 0.000000 0.010000 
4257 136 146 50.850427 14 0.152186 0.796000 
4259 244 229 166.571563 14 0.058142 0.603000 
4260 148 200 205.225324 14 0.000000 0.010000 
4284 822 877 219.895275 14 0.000000 0.009000 
4293 923 902 168.177382 14 0.000000 0.010000 
4294 934 923 142.466787 14 0.000000 0.010000 
4428 952 1025 334.512135 14 0.000000 0.009000 
4557 1022 886 729.252579 14 0.000000 0.010000 
4576 794 811 51.492689 14 0.000000 0.010000 
4577 215 246 94.607244 14 0.000000 0.000000 
4578 363 417 116.401369 14 0.000000 0.036000 
4579 490 440 100.545245 14 0.000000 0.000000 
4580 561 588 31.909320 14 0.000000 0.010000 
4581 619 679 174.883753 14 0.000000 0.010000 
4582 691 741 109.799654 14 0.000000 0.010000 
4583 822 0 241.177659 14 0.000000 0.010000 
4584 749 788 85.612240 14 0.000000 0.010000 
4585 705 804 229.984862 14 0.000000 0.000000 
4586 412 433 190.677579 14 0.000000 0.010000 
4587 606 620 262.744902 14 0.000000 0.010000 
4588 683 752 149.551765 14 0.000000 0.011000 
4591 1046 1042 227.409091 14 0.000000 0.008000 
4592 1053 1049 236.036329 14 0.000000 0.010000 
4593 1094 1092 125.942101 14 0.000000 0.010000 
4666 1096 1091 64.883813 7 0.000000 0.010000 
4667 1104 1110 141.051968 7 0.000000 0.010000 
4777 174 189 91.408009 12 0.104262 0.943000 
4782 492 537 73.637176 12 0.000000 0.010000 
4785 537 578 61.398091 12 0.000000 0.010000 
4789 1267 1260 59.294856 12 0.000000 0.010000 
4874 195 127 546.157276 14 0.000000 0.027000 
4908 1007 1009 70.222125 12 0.000000 0.010000 
4911 397 475 337.164542 12 0.000000 0.010000 
4912 443 492 82.328788 12 0.000000 0.010000 
4925 331 306 57.978153 12 0.000000 0.010000 
4945 443 411 78.749131 12 0.000000 0.010000 
4950 984 1042 508.846766 7 0.000000 0.010000 
5020 175 185 104.741154 14 0.000000 0.010000 
5064 619 598 53.371361 14 0.000000 0.000000 
5065 618 602 45.054205 14 0.000000 0.009000 
5066 691 638 231.291163 14 0.000000 0.010000 
5067 822 752 180.058337 14 0.000000 0.010000 
5123 146 130 300.448458 14 0.069728 0.796000 
5128 169 195 96.451614 14 0.000000 0.000000 
5129 504 550 91.790152 14 0.000000 0.010000 
5131 61 46 132.501541 14 0.000000 0.010000 
5154 10 0 48.129163 14 0.000000 0.000000 
5171 1065 1066 86.143750 14 0.000000 0.010000 
5172 1061 1047 132.655174 14 0.000000 0.010000 
5173 1065 1070 94.687077 14 0.000000 0.010000 
5174 1063 1065 311.477606 14 0.000000 0.010000 
5175 1063 1075 177.405167 14 0.000000 0.010000 
5176 1061 1063 68.751154 14 0.000000 0.010000 
5177 1097 1061 622.451539 14 0.000000 0.010000 
5269 801 863 304.408994 14 0.000000 0.011000 
5285 1265 1266 79.629313 13 0.000000 0.010000 
5357 1049 1042 211.056786 7 0.000000 0.008000 
5363 1104 1096 260.744411 7 0.000000 0.010000 
5393 0 146 191.350000 14 0.061787 0.796000 
5394 1019 1023 216.350744 14 0.000000 0.010000 
5418 870 840 100.890295 14 0.000000 0.010000 
5459 9 10 36.139489 14 0.000000 0.000000 
5509 226 241 104.302970 14 0.000000 0.009000 
5510 570 517 88.864780 14 0.000000 0.010000 
5511 781 750 68.608273 14 0.000000 0.037000 
5524 816 879 311.104503 14 0.000000 0.009000 
5689 689 715 355.522805 14 0.000000 0.037000 
5690 815 857 115.601975 14 0.000000 0.010000 
5691 1033 1023 80.036902 14 0.000000 0.009000 
5692 1025 1029 17.584287 14 0.000000 0.010000 
5693 1102 1101 131.940069 14 0.000000 0.010000 
5694 1109 1092 548.045389 14 0.000000 0.010000 
5695 1153 1163 43.642860 14 0.000000 0.010000 
5696 987 1001 244.014606 14 0.000000 0.009000 
5697 1047 1040 319.267268 14 0.000000 0.010000 
5698 1177 1176 29.027384 14 0.000000 0.009000 
5699 1181 1185 78.309374 14 0.000000 0.010000 
5791 51 62 200.785279 14 0.000000 0.010000 
5846 20 0 83.326203 14 0.000000 0.000000 
5847 22 29 375.707699 14 0.000000 0.273000 
5848 65 46 208.062565 14 0.000000 0.010000 
5849 58 54 322.402105 14 0.000000 0.010000 
5850 59 51 73.883896 14 0.000000 0.010000 
5879 0 545 284.941823 14 0.000000 0.000000 
5887 933 939 55.824613 14 0.000000 0.010000 
5888 1043 1041 322.812942 14 0.000000 0.009000 
5889 436 463 163.831007 14 0.000000 0.010000 
5890 887 863 115.532264 14 0.000000 0.011000 
5891 1039 1024 291.570516 14 0.000000 0.010000 
5892 770 767 44.162509 14 0.000000 0.010000 
5893 0 146 62.071952 14 0.000000 0.000000 
5894 248 363 249.788766 14 0.058757 0.716000 
5895 0 29 229.123345 14 0.000000 0.000000 
5896 0 114 328.990052 14 0.000000 0.000000 
5898 0 752 130.475839 14 0.000000 0.000000 
5956 268 265 64.806005 14 0.000000 0.018000 
5957 286 278 121.196985 14 0.000000 0.010000 
5958 319 289 70.894166 14 0.000000 0.010000 
5959 781 768 118.142088 14 0.000000 0.010000 
5960 750 742 71.109101 14 0.000000 0.037000 
5961 617 570 77.644181 14 0.000000 0.010000 
6021 1175 1179 204.649381 14 0.000000 0.010000 
6022 1270 1267 102.440416 14 0.000000 0.010000 
6057 1245 1240 486.134465 14 0.000000 0.010000 
6058 1270 1262 237.562775 14 0.000000 0.010000 
6060 1119 1283 444.255809 14 0.000000 0.009000 
6090 948 992 175.606047 14 0.000000 0.009000 
6097 248 244 42.004467 14 0.041653 0.716000 
6098 166 145 106.635023 14 0.121464 1.304000 
6099 319 382 260.178369 14 0.000000 0.010000 
6100 372 397 250.301970 14 0.000000 0.010000 
6101 742 768 112.359521 14 0.000000 0.037000 
6102 810 781 92.393505 14 0.000000 0.010000 
6103 439 489 83.132221 14 0.000000 0.036000 
6104 558 505 188.808180 14 0.000000 0.036000 
6105 638 619 52.472735 14 0.000000 0.000000 
6106 602 588 50.771357 14 0.000000 0.009000 
6107 676 691 46.484492 14 0.000000 0.010000 
6108 880 602 727.428594 14 0.000000 0.009000 
6109 1039 1283 2134.125024 14 0.000000 0.010000 
6110 1043 1090 971.557388 14 0.000000 0.009000 
6111 463 492 122.425530 14 0.000000 0.010000 
6112 689 665 61.105112 14 0.000000 0.010000 
6113 1103 1094 350.269985 14 0.000000 0.010000 
6114 1173 1170 299.815159 14 0.000000 0.010000 
6115 1160 1138 112.811110 14 0.000000 0.010000 
6116 1047 1001 738.676974 14 0.000000 0.010000 
6117 1175 1169 312.071843 14 0.000000 0.010000 
6118 1178 1181 43.185164 14 0.000000 0.010000 
6155 115 0 188.017247 14 0.051225 1.140000 
6157 0 1161 263.740352 14 0.000000 0.009000 
6158 10 19 123.284740 14 0.000000 0.000000 
6233 382 385 34.038740 14 0.000000 0.010000 
6234 342 378 219.624982 14 0.000000 0.010000 
6235 309 331 192.450202 14 0.000000 0.010000 
6236 436 412 323.144847 14 0.000000 0.010000 
6237 710 711 43.387923 14 0.000000 0.010000 
6239 1034 1036 175.934382 14 0.000000 0.009000 
6240 992 1042 589.187967 14 0.000000 0.009000 
6429 1173 1101 726.432509 14 0.000000 0.010000 
6430 1163 1174 123.661707 14 0.000000 0.010000 
6431 1160 1156 113.025155 14 0.000000 0.010000 
6432 1001 1040 360.198114 14 0.000000 0.010000 
6470 126 169 180.529029 14 0.000000 0.000000 
6589 332 351 74.510309 14 0.000000 0.010000 
6590 301 307 56.861586 14 0.000000 0.010000 
6591 275 301 50.836831 14 0.000000 0.010000 
6592 275 290 60.491540 14 0.000000 0.010000 
6593 269 275 101.923125 14 0.000000 0.010000 
6594 269 290 39.491711 14 0.000000 0.010000 
6595 308 269 136.060173 14 0.000000 0.000000 
6596 290 297 40.011288 14 0.000000 0.010000 
6632 142 110 148.769370 14 0.000000 0.010000 
6634 840 769 213.917938 14 0.000000 0.010000 
6635 810 821 184.046866 14 0.000000 0.010000 
6636 794 815 63.129424 14 0.000000 0.010000 
6637 246 259 72.891010 14 0.000000 0.000000 
6638 293 350 456.265741 14 0.000000 0.000000 
6639 363 350 67.731609 14 0.058757 0.716000 
6640 439 417 165.518877 14 0.000000 0.036000 
6641 505 547 73.475163 14 0.000000 0.036000 
6654 342 326 118.849166 14 0.000000 0.010000 
6655 0 363 296.300497 14 0.058757 0.716000 
6657 569 576 34.527145 14 0.000000 0.010000 
6658 714 704 75.530551 14 0.000000 0.010000 
6663 0 248 213.462433 14 0.083735 0.716000 
6664 1176 1183 593.532513 14 0.000000 0.009000 
6721 723 715 10.459754 14 0.000000 0.037000 
6722 710 772 335.152212 14 0.000000 0.010000 
6723 770 794 76.002918 14 0.000000 0.010000 
6724 1034 1024 77.341576 14 0.000000 0.010000 
6725 980 977 83.949554 14 0.000000 0.010000 
6726 1035 1036 68.726083 14 0.000000 0.009000 
6727 901 932 193.703401 14 0.000000 0.010000 
6728 1031 1023 147.438092 14 0.000000 0.009000 
6729 1046 1048 96.152196 14 0.000000 0.008000 
6730 1057 1046 110.961959 14 0.000000 0.008000 
6731 1101 1099 32.372057 14 0.000000 0.010000 
6732 1104 1105 51.512932 14 0.000000 0.010000 
6777 130 114 300.887985 14 0.041621 0.883000 
6778 285 329 115.025988 14 0.000000 0.010000 
6779 356 446 209.432164 14 0.000000 0.010000 
6780 628 566 129.884721 14 0.000000 0.130000 
6781 136 115 298.310989 14 0.085376 1.008000 
6782 812 840 189.037979 14 0.000000 0.010000 
6783 886 823 275.842570 14 0.000000 0.010000 
6784 572 490 195.102535 14 0.000000 0.000000 
6785 944 955 80.232331 14 0.000000 0.010000 
6786 1009 980 255.063754 14 0.000000 0.010000 
6787 767 760 83.262620 14 0.000000 0.010000 
6902 537 536 28.350369 14 0.000000 0.010000 
6904 165 203 145.014185 14 0.000000 0.000000 
6919 1101 1098 42.040814 14 0.000000 0.010000 
6920 1181 1177 278.349185 14 0.000000 0.010000 
6921 1175 1085 1324.457122 14 0.000000 0.009000 
6922 1270 1271 187.051721 14 0.000000 0.010000 
7052 61 56 75.228707 14 0.000000 0.010000 
7053 35 45 148.762476 14 0.000000 0.010000 
7054 68 59 71.244076 14 0.000000 0.010000 
7055 131 36 522.774435 14 0.000000 0.000000 
7057 229 215 188.980806 14 0.045762 0.603000 
7126 750 723 62.017925 14 0.000000 0.037000 
7127 417 449 83.417551 14 0.000000 0.036000 
7128 598 572 54.031263 14 0.000000 0.000000 
7129 656 618 181.176000 14 0.000000 0.009000 
7130 676 638 174.502541 14 0.000000 0.000000 
7131 1041 1039 332.297297 14 0.000000 0.010000 
7132 463 559 160.943740 14 0.000000 0.010000 
7133 665 636 81.496876 14 0.000000 0.010000 
7134 715 689 61.938593 14 0.000000 0.037000 
7167 1026 1036 111.191490 14 0.000000 0.009000 
7205 136 119 75.829342 14 0.102979 1.008000 
7207 114 126 67.116081 14 0.000000 0.000000 
7298 1187 1173 288.250167 14 0.000000 0.010000 
7304 115 130 78.776209 14 0.085376 1.140000 
7305 550 593 67.244863 14 0.000000 0.010000 
7356 0 20 344.275647 14 0.000000 0.000000 
7498 1142 1176 274.623235 14 0.000000 0.009000 
7499 1271 1273 427.540725 14 0.000000 0.010000 
7556 46 56 197.707796 14 0.000000 0.010000 
7557 82 54 225.622716 14 0.000000 0.010000 
7558 59 51 216.264086 14 0.000000 0.010000 
7640 711 770 198.236813 14 0.000000 0.010000 
7641 1022 1024 20.000382 14 0.000000 0.010000 
7642 966 970 187.448084 14 0.000000 0.010000 
7643 953 934 173.714458 14 0.000000 0.010000 
7644 1037 1043 296.844825 14 0.000000 0.009000 
7645 1026 970 391.660953 14 0.000000 0.009000 
7646 1034 1041 183.943467 14 0.000000 0.009000 
7647 996 997 82.061801 14 0.000000 0.010000 
7648 880 936 390.640030 4 0.000000 0.010000 
7649 992 995 90.152862 14 0.000000 0.009000 
7901 211 220 42.783627 14 0.000000 0.206000 
7902 207 211 22.296431 14 0.000000 0.000000 
7903 207 201 27.738688 14 0.000000 0.000000 
8017 863 800 190.416191 14 0.000000 0.014000 
8018 843 810 95.304852 14 0.000000 0.010000 
8324 188 207 136.016566 14 0.046485 0.430000 
8325 188 183 183.007383 14 0.000000 0.299000 
8370 744 773 185.261671 14 0.000000 0.010000 
8371 732 675 125.624179 14 0.000000 0.010000 
8372 732 738 52.615775 14 0.000000 0.010000 
8373 730 732 65.979217 14 0.000000 0.010000 
8449 188 169 309.388720 14 0.034150 0.345000 
8450 201 188 133.583199 14 0.069728 0.299000 
8451 183 201 41.210285 14 0.048174 0.438000 
8496 170 183 75.042965 14 0.000000 0.438000 
8541 428 298 292.400168 14 0.000000 0.009000 
8542 455 484 39.882463 14 0.000000 0.010000 
8543 455 399 267.634011 14 0.000000 0.010000 
8544 422 455 81.187474 14 0.000000 0.010000 
8758 329 366 589.663649 14 0.000000 0.010000 
8759 561 596 98.420439 14 0.000000 0.010000 
8760 386 471 196.448419 14 0.000000 0.010000 
8761 524 499 124.674843 14 0.000000 0.010000 
8762 551 533 71.349929 14 0.000000 0.010000 
8763 551 561 25.497668 14 0.000000 0.010000 
8854 744 747 19.950862 14 0.000000 0.010000 
8855 747 716 214.531228 14 0.000000 0.010000 
8856 830 849 122.014246 14 0.000000 0.010000 
8857 830 854 97.377842 14 0.000000 0.010000 
8858 806 830 83.921017 14 0.000000 0.010000 
8859 757 746 132.907870 14 0.000000 0.010000 
8860 806 747 218.378777 14 0.000000 0.010000 
8861 757 806 121.417253 14 0.000000 0.010000 
8862 731 757 66.747508 14 0.000000 0.010000 
8863 1012 1014 205.546542 14 0.000000 0.009000 
8928 0 847 103.585261 14 0.000000 0.010000 
9009 384 351 53.804347 14 0.000000 0.000000 
9010 347 384 89.500348 14 0.000000 0.000000 
9382 1089 1062 597.452474 14 0.000000 0.010000 
9423 1169 1166 31.965763 14 0.000000 0.009000 
9469 282 276 40.059947 14 0.000000 0.000000 
9470 259 282 60.079513 14 0.000000 0.603000 
9471 276 259 81.994318 14 0.000000 0.000000 
9472 293 276 44.061596 14 0.000000 0.000000 
9473 220 220 370.704606 14 0.055494 0.430000 
9619 215 0 79.626027 14 0.000000 0.000000 
9620 152 130 106.477001 14 0.096348 0.883000 
9853 346 314 104.100123 14 0.000000 0.010000 
9854 339 346 48.487176 14 0.000000 0.010000 
9855 339 333 30.058517 14 0.000000 0.010000 
9856 339 388 91.364140 14 0.000000 0.010000 
9857 314 339 64.202264 14 0.000000 0.010000 
9858 282 252 166.678089 14 0.076270 0.603000 
9944 524 551 55.292935 14 0.000000 0.010000 
9945 524 434 162.527847 14 0.000000 0.000000 
9946 402 388 44.511900 14 0.000000 0.023000 
9960 343 365 43.178132 14 0.000000 0.009000 
10106 923 927 128.834767 14 0.000000 0.010000 
10107 1026 1034 194.941828 14 0.000000 0.010000 
10108 975 1004 111.660397 14 0.000000 0.010000 
10109 966 975 34.170070 14 0.000000 0.010000 
10110 985 975 153.068470 14 0.000000 0.010000 
10111 1008 1022 129.090647 14 0.000000 0.010000 
10112 1008 1004 112.015390 14 0.000000 0.010000 
10113 985 1008 112.110952 14 0.000000 0.010000 
10114 967 985 73.307869 14 0.000000 0.010000 
10115 953 967 56.142742 14 0.000000 0.010000 
10116 957 967 171.685393 14 0.000000 0.010000 
10117 957 934 91.935012 14 0.000000 0.010000 
10118 966 957 47.562011 14 0.000000 0.010000 
10119 1003 1002 288.736055 14 0.000000 0.010000 
10120 1062 1051 98.516562 14 0.000000 0.010000 
10121 1062 1064 239.339433 14 0.000000 0.010000 
10150 346 402 103.331170 14 0.000000 0.010000 
10216 159 181 83.244816 14 0.170670 0.960000 
10217 163 141 104.423359 14 0.167836 1.304000 
10227 457 415 113.222744 14 0.000000 0.010000 
10228 415 384 87.437710 14 0.000000 0.000000 
10229 384 396 30.580521 14 0.000000 0.000000 
10230 311 371 153.832988 14 0.000000 0.010000 
10295 198 227 106.827539 14 0.306810 0.817000 
10296 292 295 67.145718 14 0.163122 1.325000 
10297 292 288 22.273719 14 0.000000 0.018000 
10298 274 292 41.519583 14 0.296055 1.325000 
10299 278 274 53.862182 14 0.306810 1.325000 
10300 365 370 79.480683 14 0.000000 0.010000 
10301 389 438 123.688443 14 0.000000 0.010000 
10383 173 162 68.981088 14 0.000000 0.010000 
10384 216 301 489.513552 14 0.000000 0.000000 
10393 1265 1268 46.610452 14 0.000000 0.010000 
10422 1044 1084 775.593612 14 0.000000 0.010000 
10479 173 157 49.181632 14 0.000000 0.010000 
10480 173 184 97.749152 14 0.000000 0.010000 
10506 343 321 43.888085 14 0.000000 0.009000 
10525 365 389 35.473470 14 0.000000 0.009000 
10533 703 684 48.069356 14 0.000000 0.245000 
10534 699 737 84.799009 14 0.000000 0.000000 
10535 684 655 66.861202 14 0.000000 0.245000 
10536 699 684 47.010249 14 0.000000 0.245000 
10537 703 707 31.372094 14 0.000000 0.245000 
10538 703 699 17.667695 14 0.000000 0.245000 
10539 745 703 88.440431 14 0.000000 0.245000 
10556 1051 1052 65.985594 14 0.000000 0.010000 
10557 1051 1025 532.007742 14 0.000000 0.010000 
10600 98 72 123.378385 14 0.000000 0.010000 
10601 102 104 2.832040 14 0.000000 0.010000 
10602 93 95 80.617452 14 0.000000 0.010000 
10629 67 71 79.404291 14 0.000000 0.010000 
10630 40 37 82.383910 14 0.000000 0.010000 
10631 40 49 123.617248 14 0.000000 0.010000 
10632 41 40 60.426135 14 0.000000 0.000000 
10633 802 822 138.854355 14 0.000000 0.009000 
10634 795 802 27.348871 14 0.000000 0.009000 
10635 788 795 28.813562 14 0.000000 0.010000 
10636 753 802 122.103553 14 0.000000 0.009000 
10637 754 795 97.878003 14 0.000000 0.009000 
10638 754 749 18.411784 14 0.000000 0.000000 
10639 753 754 38.816779 14 0.000000 0.009000 
10640 752 753 70.694729 14 0.000000 0.000000 
10642 0 784 114.849382 14 0.000000 0.010000 
10643 858 858 176.878496 14 0.000000 0.010000 
10644 847 855 148.214640 14 0.000000 0.010000 
10645 855 847 202.170029 14 0.000000 0.010000 
10646 847 855 40.515916 14 0.000000 0.010000 
10686 1096 1107 406.398293 14 0.000000 0.010000 
10687 1071 1112 931.406479 14 0.000000 0.010000 
10688 1054 1057 570.252606 14 0.000000 0.008000 
10689 1094 1062 817.726463 14 0.000000 0.010000 
10690 1051 1054 276.521041 14 0.000000 0.010000 
10691 1052 1055 145.210777 14 0.000000 0.010000 
10799 0 641 152.747724 14 0.000000 0.152000 
10800 625 655 87.528018 14 0.000000 0.152000 
10801 607 545 108.443343 14 0.000000 0.152000 
10802 601 625 72.238093 14 0.000000 0.152000 
10803 512 631 449.931679 14 0.000000 0.036000 
10804 587 592 25.131053 14 0.000000 0.010000 
10805 639 610 149.635186 14 0.000000 0.017000 
10806 610 638 67.186368 14 0.000000 0.000000 
10807 587 610 40.461026 14 0.000000 0.010000 
10808 547 587 55.230381 14 0.000000 0.010000 
10809 503 560 142.348945 14 0.000000 0.010000 
10810 405 426 54.814962 14 0.000000 0.010000 
10811 405 373 57.009975 14 0.000000 0.010000 
10812 400 405 49.627337 14 0.000000 0.010000 
10813 393 364 70.686258 14 0.000000 0.000000 
10814 461 393 314.185086 14 0.000000 0.000000 
10815 589 584 52.242037 14 0.000000 0.010000 
10816 589 448 228.029729 14 0.000000 0.010000 
10817 603 552 111.084978 14 0.000000 0.010000 
10818 642 603 190.389004 14 0.000000 0.010000 
10819 263 273 152.821271 14 0.000000 0.010000 
10820 124 155 430.620851 14 0.000000 0.010000 
10821 231 222 47.120375 14 0.000000 0.010000 
10822 231 239 31.750513 14 0.000000 0.010000 
10823 236 231 78.415612 14 0.000000 0.010000 
10908 179 164 47.574947 14 0.000000 0.010000 
10909 184 192 17.563052 14 0.000000 0.010000 
10910 179 184 40.773203 14 0.000000 0.010000 
10911 173 179 61.019874 14 0.000000 0.010000 
10932 216 208 34.420262 14 0.000000 0.000000 
10933 216 235 66.480781 14 0.000000 0.010000 
10934 197 216 104.280261 14 0.000000 0.000000 
10935 185 197 97.666172 14 0.000000 0.000000 
10936 218 185 111.090051 14 0.000000 0.010000 
10962 1166 1132 204.779265 14 0.000000 0.008000 
10963 1166 1169 294.632501 14 0.000000 0.009000 
11014 1038 1039 126.779673 14 0.000000 0.010000 
11015 1003 1038 309.341378 14 0.000000 0.010000 
11016 988 1003 56.146512 14 0.000000 0.010000 
11017 928 988 250.640816 14 0.000000 0.010000 
11018 870 928 377.526351 14 0.000000 0.010000 
11019 743 779 463.428486 14 0.000000 0.010000 
11020 763 812 167.421507 14 0.000000 0.010000 
11021 773 775 23.230673 14 0.000000 0.010000 
11101 122 123 47.867735 14 0.000000 0.010000 
11102 100 78 116.088909 14 0.000000 0.010000 
11105 998 964 187.016969 14 0.000000 0.010000 
11106 998 1000 75.302353 14 0.000000 0.010000 
11107 988 998 207.863725 14 0.000000 0.010000 
11283 1185 1177 325.171096 13 0.000000 0.010000 
11284 206 171 134.157762 13 0.000000 0.108000 
11439 84 91 81.341087 14 0.000000 0.010000 
11440 73 80 79.632043 14 0.000000 0.010000 
11460 311 308 11.829301 14 0.000000 0.010000 
11461 351 311 97.560604 14 0.000000 0.010000 
11462 307 290 49.284188 14 0.000000 0.010000 
11474 315 307 38.362743 14 0.000000 0.010000 
11475 308 297 57.745107 14 0.000000 0.010000 
11476 402 410 23.157037 14 0.000000 0.000000 
11477 388 374 31.849236 14 0.000000 0.010000 
11501 568 713 327.302834 14 0.000000 0.010000 
11502 485 523 74.288956 14 0.000000 0.010000 
11503 485 484 61.262693 14 0.000000 0.010000 
11504 485 568 156.571741 14 0.000000 0.010000 
11505 484 568 146.580389 14 0.000000 0.010000 
11590 41 52 126.525787 14 0.000000 0.000000 
11591 34 41 86.866324 14 0.000000 0.000000 
11611 1044 1282 1950.151881 14 0.000000 0.010000 
11612 1040 1044 236.131721 14 0.000000 0.010000 
11613 1038 1056 508.623588 14 0.000000 0.010000 
11614 1050 1021 629.384044 14 0.000000 0.010000 
11615 908 927 231.570578 14 0.000000 0.010000 
11616 927 970 180.095408 14 0.000000 0.010000 
11617 902 927 174.682553 14 0.000000 0.010000 
13398 1107 1104 202.575681 14 0.000000 0.010000 
13399 1076 1068 135.252795 7 0.000000 0.008000 
13400 1091 1076 328.924945 7 0.000000 0.010000 
13401 1068 1049 166.216219 7 0.000000 0.008000 
13402 55 56 29.574626 14 0.000000 0.033000 
13599 1010 1006 97.354318 13 0.000000 0.009000 
13722 982 1069 1009.975741 10 0.000000 0.009000 
13994 823 807 104.295016 13 0.000000 0.010000 
14030 1186 1185 33.993581 13 0.000000 0.010000 
14149 929 930 2.961054 13 0.000000 0.010000 
14150 108 86 119.333167 13 0.000000 0.010000 
14151 137 167 133.394668 13 0.000000 0.010000 
14152 60 82 118.011881 13 0.000000 0.010000 
14156 1138 1108 220.936447 13 0.000000 0.010000 
14157 1170 1160 50.229643 13 0.000000 0.010000 
14293 24 25 3.041990 14 0.000000 0.010000 
14294 45 55 140.602074 14 0.000000 0.010000 
14371 433 443 70.936573 14 0.000000 0.010000 
14372 385 411 205.012480 14 0.000000 0.010000 
14373 326 319 67.216951 14 0.000000 0.010000 
14374 289 309 183.686407 14 0.000000 0.010000 
14400 812 929 519.689764 13 0.000000 0.010000 
15033 722 763 96.062678 13 0.000000 0.010000 
15053 1180 1170 234.568233 13 0.000000 0.010000 
15054 82 76 176.627585 13 0.000000 0.010000 
15055 137 108 136.770150 13 0.000000 0.010000 
15056 1156 1138 90.527429 13 0.000000 0.010000 
15057 1190 1186 129.847838 13 0.000000 0.010000 
15058 167 232 225.198716 13 0.000000 0.010000 
15059 86 76 51.349601 13 0.000000 0.010000 
15061 293 383 198.596675 13 0.000000 0.010000 
15062 794 768 121.613062 13 0.000000 0.010000 
15063 383 418 82.179958 13 0.000000 0.010000 
15064 742 723 97.114277 13 0.000000 0.037000 
15065 807 794 49.036056 13 0.000000 0.010000 
15066 704 688 95.151396 13 0.000000 0.010000 
15067 1163 1156 71.453386 13 0.000000 0.010000 
15068 768 742 79.438832 13 0.000000 0.037000 
15069 723 704 100.655009 13 0.000000 0.037000 
18004 599 538 169.911080 13 0.000000 0.010000 
18005 706 712 143.961847 13 0.000000 0.010000 
18486 113 105 141.304589 6 0.000000 0.010000 
18837 132 105 106.064633 6 0.000000 0.010000 
19052 376 326 135.127734 6 0.000000 0.010000 
19170 325 358 205.437692 13 0.000000 0.010000 
19207 1182 1282 588.122225 6 0.000000 0.009000 
19209 492 433 121.045005 6 0.000000 0.010000 
19211 433 385 167.727338 6 0.000000 0.010000 
19212 385 376 33.987330 6 0.000000 0.010000 
19213 326 289 93.630275 6 0.000000 0.010000 
19217 719 759 128.080984 13 0.000000 0.010000 
19232 77 113 299.316773 6 0.000000 0.000000 
19398 280 254 65.611003 13 0.000000 0.000000 
19890 706 733 55.941802 13 0.000000 0.010000 
19891 662 687 138.566592 13 0.000000 0.010000 
19892 698 734 124.408278 13 0.000000 0.010000 
19894 946 921 129.923015 13 0.000000 0.010000 
19913 496 497 193.349390 13 0.000000 0.010000 
19938 834 808 120.773846 13 0.000000 0.010000 
19953 203 233 112.940677 13 0.000000 0.000000 
19975 782 719 190.362404 13 0.000000 0.010000 
19992 712 662 193.553129 13 0.000000 0.010000 
20033 607 0 91.130200 13 0.000000 0.152000 
20038 419 426 116.704327 13 0.000000 0.010000 
20072 37 44 118.786167 13 0.000000 0.010000 
20082 108 88 158.617842 13 0.000000 0.010000 
20090 663 706 160.174687 13 0.000000 0.010000 
20118 776 805 147.715659 9 0.000000 0.010000 
20119 520 555 144.767335 9 0.000000 0.010000 
20179 47 44 19.898656 13 0.000000 0.000000 
20284 842 817 71.889818 9 0.000000 0.010000 
20285 663 681 269.237755 9 0.000000 0.010000 
20286 672 658 84.502658 9 0.000000 0.010000 
20287 555 590 132.391043 9 0.000000 0.010000 
20288 616 581 118.216538 9 0.000000 0.010000 
20356 355 343 88.330947 13 0.000000 0.010000 
20357 423 426 63.876579 13 0.000000 0.010000 
20373 826 808 199.596606 13 0.000000 0.010000 
20550 601 541 194.885349 13 0.000000 0.036000 
20551 642 624 65.195466 13 0.000000 0.010000 
20552 801 714 199.109658 13 0.000000 0.010000 
20576 42 37 157.670112 13 0.000000 0.010000 
20646 197 224 108.467387 13 0.000000 0.010000 
20647 233 254 59.482835 13 0.000000 0.000000 
20656 601 607 71.345114 13 0.000000 0.000000 
20742 905 890 93.236472 13 0.000000 0.010000 
20780 562 525 261.033545 9 0.000000 0.010000 
20818 27 20 339.430768 13 0.000000 0.000000 
20819 570 513 297.680471 13 0.000000 0.010000 
20820 727 765 86.014408 13 0.000000 0.010000 
20858 361 461 224.549300 7 0.000000 0.010000 
20913 476 493 35.708110 9 0.000000 0.010000 
20914 437 483 96.598577 9 0.000000 0.009000 
20942 963 0 52.142882 7 0.000000 0.019000 
20952 971 974 152.978483 7 0.000000 0.010000 
20953 893 884 76.493945 9 0.000000 0.012000 
20962 1187 1180 272.282085 9 0.000000 0.010000 
20997 48 42 87.946155 13 0.000000 0.000000 
21050 57 88 219.496080 13 0.000000 0.010000 
21082 872 978 902.453098 9 0.000000 0.009000 
21083 595 609 90.113199 9 0.000000 0.010000 
21084 581 562 44.410286 9 0.000000 0.000000 
21086 437 476 95.285078 9 0.000000 0.010000 
21106 616 650 205.144246 9 0.000000 0.010000 
21107 525 509 88.283844 9 0.000000 0.000000 
21250 989 978 445.645321 7 0.000000 0.008000 
21269 714 688 61.141733 13 0.000000 0.016000 
21368 591 595 62.619806 9 0.000000 0.010000 
21408 364 280 175.003839 13 0.000000 0.000000 
21528 959 960 19.185712 7 0.000000 0.010000 
21529 976 982 190.835646 7 0.000000 0.010000 
21544 590 591 81.957340 9 0.000000 0.010000 
21799 942 959 175.028356 7 0.000000 0.010000 
21800 805 841 187.173236 9 0.000000 0.010000 
21801 672 681 73.528749 9 0.000000 0.010000 
21802 664 678 29.437700 9 0.000000 0.010000 
21803 994 989 456.188632 7 0.000000 0.009000 
21835 509 493 120.269813 9 0.000000 0.010000 
21860 580 582 59.498745 9 0.000000 0.010000 
21861 917 931 116.440322 7 0.000000 0.010000 
21961 978 963 650.928281 7 0.000000 0.008000 
21999 1182 1183 51.712921 9 0.000000 0.009000 
22000 1174 1159 189.458429 9 0.000000 0.010000 
22096 938 942 26.447188 7 0.000000 0.010000 
22097 960 971 396.056301 7 0.000000 0.010000 
22098 681 693 100.137404 9 0.000000 0.010000 
22099 733 761 172.926969 9 0.000000 0.010000 
22100 789 678 261.376109 9 0.000000 0.010000 
22101 491 520 138.204039 9 0.000000 0.010000 
22102 884 864 88.135564 9 0.000000 0.009000 
22298 1095 1053 1182.686652 9 0.000000 0.010000 
22299 1105 1095 327.976920 9 0.000000 0.010000 
22300 492 516 46.740677 9 0.000000 0.010000 
22301 579 580 6.092294 9 0.000000 0.010000 
22302 564 578 140.457917 9 0.000000 0.010000 
22312 915 917 9.906677 7 0.000000 0.010000 
22355 613 0 234.959473 5 0.000000 0.010000 
22417 516 535 38.780730 9 0.000000 0.010000 
22521 609 613 42.565861 9 0.000000 0.010000 
22524 931 938 91.731099 7 0.000000 0.010000 
22525 982 994 366.605414 7 0.000000 0.010000 
22526 974 976 14.047340 7 0.000000 0.010000 
22527 817 789 75.147538 9 0.000000 0.010000 
22528 841 872 165.803520 9 0.000000 0.010000 
22529 693 733 268.879829 9 0.000000 0.000000 
22530 761 776 55.777501 9 0.000000 0.010000 
22531 626 612 98.925979 9 0.000000 0.039000 
22532 535 582 75.138752 9 0.000000 0.010000 
22533 634 664 82.221653 9 0.000000 0.010000 
22534 650 663 163.095431 9 0.000000 0.010000 
22727 864 842 66.132154 9 0.000000 0.018000 
22764 45 32 265.464176 9 0.000000 0.010000 
22845 600 634 66.016688 9 0.000000 0.010000 
23090 1203 1210 45.622106 7 0.000000 0.010000 
23091 1179 1184 67.687491 7 0.000000 0.010000 
23092 1184 1191 237.291559 7 0.000000 0.010000 
23329 1266 1269 53.819708 7 0.000000 0.010000 
23330 1103 1108 231.761101 7 0.000000 0.010000 
23331 1080 1088 240.225653 7 0.000000 0.009000 
23441 528 559 172.384706 9 0.000000 0.010000 
23442 143 178 143.641037 9 0.000000 0.010000 
23443 180 249 241.280130 9 0.000000 0.010000 
23444 117 96 89.033550 9 0.000000 0.010000 
23445 32 27 112.796583 9 0.000000 0.010000 
23446 1105 1110 136.370493 9 0.000000 0.010000 
23447 987 932 279.787009 9 0.000000 0.010000 
23448 421 454 232.919478 9 0.000000 0.010000 
23449 353 381 50.227565 9 0.000000 0.010000 
23470 1110 1116 53.114560 7 0.000000 0.010000 
23471 608 629 83.799088 7 0.000000 0.010000 
23472 247 266 44.523257 7 0.000000 0.010000 
23487 881 889 142.499815 7 0.000000 0.010000 
23488 823 857 181.658256 7 0.000000 0.010000 
23489 651 675 92.821982 7 0.000000 0.010000 
23490 217 247 99.451101 7 0.000000 0.011000 
23493 539 566 52.880367 7 0.000000 0.010000 
23494 586 608 47.127783 7 0.000000 0.130000 
23574 1116 1124 42.383552 7 0.000000 0.010000 
23575 1111 1107 208.679358 7 0.000000 0.010000 
23576 1098 1099 35.381195 7 0.000000 0.010000 
23577 898 905 95.110155 7 0.000000 0.010000 
23578 889 894 76.844854 7 0.000000 0.010000 
23579 722 743 93.276305 7 0.000000 0.010000 
23580 629 651 136.161839 7 0.000000 0.010000 
23581 349 361 20.125496 7 0.000000 0.010000 
23618 1272 1275 325.928678 7 0.000000 0.010000 
23706 1191 1203 168.274412 7 0.000000 0.010000 
23707 1099 1103 32.039773 7 0.000000 0.010000 
23708 905 908 24.309138 7 0.000000 0.010000 
23709 894 898 28.842870 7 0.000000 0.010000 
23710 769 779 52.966006 7 0.000000 0.010000 
23749 1275 0 232.036803 7 0.000000 0.122000 
23750 1019 1030 77.668205 7 0.000000 0.009000 
23751 1030 1080 971.414987 7 0.000000 0.009000 
23799 139 125 59.158200 9 0.000000 0.010000 
23800 125 121 18.001992 9 0.000000 0.010000 
23801 96 92 24.846692 9 0.000000 0.010000 
23914 178 139 170.494244 9 0.000000 0.010000 
23936 728 667 158.875689 9 0.000000 0.010000 
23963 113 161 250.878055 14 0.000000 0.010000 
23964 161 214 204.339682 14 0.000000 0.010000 
23965 161 158 37.795037 14 0.000000 0.010000 
24102 296 353 133.019203 9 0.000000 0.009000 
24122 579 600 34.977406 9 0.000000 0.010000 
24123 517 528 43.372776 9 0.000000 0.010000 
24124 135 236 389.671509 9 0.000000 0.010000 
24125 1269 1267 235.091687 9 0.000000 0.010000 
24126 55 45 103.345526 9 0.000000 0.010000 
24127 932 899 259.463535 9 0.000000 0.010000 
24128 825 746 219.812616 9 0.000000 0.010000 
24141 713 722 25.743732 7 0.000000 0.010000 
24142 675 713 181.130993 7 0.000000 0.010000 
24143 667 640 95.726457 9 0.000000 0.010000 
24144 746 728 39.119642 9 0.000000 0.010000 
24145 24 0 295.949133 9 0.000000 0.000000 
24224 871 835 359.388604 7 0.000000 0.010000 
24225 862 875 74.641569 12 0.000000 0.010000 
24226 875 876 12.499160 12 0.000000 0.008000 
24227 877 1054 1603.043086 14 0.000000 0.009000 
24228 866 862 83.208534 12 0.000000 0.009000 
24232 36 30 218.832362 14 0.000000 0.000000 
24253 876 0 610.936095 12 0.000000 0.008000 
24262 880 835 346.080640 7 0.000000 0.010000 
24316 1183 0 351.257666 9 0.000000 0.009000 
24356 266 349 198.452638 7 0.000000 0.010000 
24404 882 0 1290.513966 1 0.000000 0.010000 
24454 1262 1255 310.580105 9 0.000000 0.010000 
24487 225 194 133.350106 7 0.000000 0.010000 
24488 149 0 273.794678 7 0.000000 0.000000 
24489 194 156 136.582868 7 0.000000 0.010000 
24490 154 191 137.298859 7 0.069292 0.960000 
24491 632 688 146.504425 12 0.000000 0.010000 
24492 673 677 100.380097 12 0.000000 0.010000 
24493 646 617 72.272092 14 0.000000 0.010000 
24507 1267 1262 254.046568 9 0.000000 0.010000 
24510 1028 1012 164.713624 9 0.000000 0.009000 
24511 1053 1028 797.966053 9 0.000000 0.009000 
24512 1180 1174 303.348782 9 0.000000 0.010000 
24513 578 579 24.582082 9 0.000000 0.010000 
24514 559 564 18.104590 9 0.000000 0.010000 
24515 454 517 290.697631 9 0.000000 0.010000 
24516 249 296 109.436644 9 0.000000 0.009000 
24517 381 421 174.871110 9 0.000000 0.010000 
24518 178 180 14.896868 9 0.000000 0.010000 
24519 121 117 42.524571 9 0.000000 0.010000 
24520 899 825 639.520888 9 0.000000 0.010000 
24521 640 629 31.702447 9 0.000000 0.010000 
24545 1193 1187 347.328048 9 0.000000 0.010000 
24546 1255 0 114.221522 9 0.000000 0.010000 
24553 27 24 57.568264 9 0.000000 0.010000 
24568 597 672 186.090640 14 0.000000 0.010000 
24569 538 554 107.102941 14 0.000000 0.010000 
24570 554 622 208.482444 14 0.000000 0.010000 
24615 63 0 1933.637492 14 0.000000 0.000000 
24616 74 33 482.972970 12 0.000000 0.010000 
24628 1083 1082 142.644484 2 0.000000 0.010000 
24684 1269 1272 301.909917 7 0.000000 0.010000 
24685 1107 1110 254.297732 7 0.000000 0.010000 
24695 0 1193 332.852957 9 0.000000 0.583000 
24696 1089 1098 196.252592 7 0.000000 0.010000 
24697 1112 1111 6.434608 7 0.000000 0.000000 
24698 1012 987 315.164474 9 0.000000 0.009000 
24727 0 1019 1312.571231 7 0.000000 0.010000 
24783 908 915 122.802585 7 0.000000 0.010000 
24784 236 289 118.969114 9 0.000000 0.010000 
24785 779 823 260.782835 7 0.000000 0.010000 
24786 743 769 78.531261 7 0.000000 0.010000 
24819 1088 1089 2.182899 7 0.000000 0.009000 
24820 1108 1109 33.488603 7 0.000000 0.010000 
24821 857 881 168.304163 7 0.000000 0.010000 
24822 461 539 132.077307 7 0.000000 0.010000 
24827 566 586 24.807702 7 0.000000 0.010000 
24860 527 597 115.398159 13 0.000000 0.010000 
24876 1250 1258 48.760334 13 0.000000 0.010000 
24877 1259 1258 38.384239 13 0.000000 0.010000 
24878 1257 1261 46.448637 13 0.000000 0.010000 
24879 1249 1257 48.018540 12 0.000000 0.010000 
24880 1257 1258 34.855707 13 0.000000 0.010000 
24881 1258 1263 43.700544 13 0.000000 0.010000 
24882 1259 1264 45.104572 13 0.000000 0.010000 
24883 1252 1259 47.990136 13 0.000000 0.010000 
24884 1249 1248 44.183274 12 0.000000 0.010000 
24885 1226 1227 36.680298 12 0.000000 0.010000 
24886 1217 1227 72.662852 12 0.000000 0.010000 
24887 1219 1228 75.206649 12 0.000000 0.010000 
24888 1222 1229 72.963858 12 0.000000 0.010000 
24889 1226 1235 394.104742 14 0.000000 0.010000 
24986 0 726 132.951641 14 0.000000 0.010000 
24990 725 0 63.665067 14 0.000000 0.010000 
25204 0 725 317.779847 2 0.000000 0.010000 
25213 882 867 62.722569 2 0.000000 0.009000 
25277 1060 1045 384.300394 2 0.000000 0.008000 
25278 1081 1078 130.696975 2 0.000000 0.010000 
25279 1083 1081 146.559919 2 0.000000 0.010000 
25280 1060 1068 214.611249 2 0.000000 0.008000 
25281 1073 1076 335.082744 2 0.000000 0.010000 
25282 1049 1072 292.435312 2 0.000000 0.010000 
25283 895 1086 5455.160726 1 0.000000 0.009000 
25284 1076 1078 382.512875 2 0.000000 0.010000 
25285 1087 882 5527.981747 1 0.000000 0.010000 
25286 1059 1087 1157.030643 1 0.000000 0.008000 
25287 1086 1058 1313.683634 1 0.000000 0.008000 
25288 0 1059 3087.574598 1 0.000000 0.010000 
25295 780 0 210.707713 2 0.000000 0.010000 
25311 0 871 687.445340 7 0.000000 0.010000 
25322 1067 1058 417.637091 2 0.000000 0.010000 
25323 1086 1083 125.377453 2 0.000000 0.010000 
25324 1091 1067 639.260485 2 0.000000 0.010000 
25325 1059 1060 346.818581 2 0.000000 0.008000 
25326 1074 1087 393.565925 2 0.000000 0.010000 
25327 1072 1074 53.332091 2 0.000000 0.010000 
25328 1078 1073 191.590122 2 0.000000 0.010000 
25329 1068 1072 171.305074 2 0.000000 0.010000 
25330 1073 1067 303.058345 2 0.000000 0.010000 
25331 1082 1091 299.279842 2 0.000000 0.010000 
25337 0 217 511.852819 7 0.000000 0.010000 
25410 697 0 579.364559 2 0.000000 0.010000 
25431 867 780 368.603138 2 0.000000 0.010000 
25451 0 895 437.994792 2 0.000000 0.010000 
25452 726 780 295.590566 2 0.000000 0.010000 
25469 867 695 548.230684 2 0.000000 0.010000 
25478 0 895 1314.833874 1 0.000000 0.010000 
25577 635 611 163.698164 14 0.000000 0.010000 
25578 611 647 90.523242 9 0.000000 0.010000 
25579 544 611 107.080403 14 0.013307 0.340000 
25580 577 544 187.094148 14 0.000000 0.010000 
25581 508 497 70.965576 14 0.005315 0.010000 
25582 507 508 135.414722 12 0.000000 0.010000 
25583 508 544 63.179420 14 0.014460 0.340000 
25584 12 0 93.648533 14 0.000000 0.010000 
25585 17 14 197.457206 14 0.000000 0.010000 
25586 5 6 45.170815 14 0.000000 0.054000 
25593 0 13 171.214860 12 0.000000 0.010000 
25595 81 57 131.932710 13 0.000000 0.010000 
25596 139 109 132.825236 9 0.000000 0.010000 
25597 541 488 200.812609 14 0.000000 0.036000 
25598 213 264 143.804655 14 0.000000 0.000000 
25599 318 264 120.456783 14 0.000000 0.010000 
25600 387 318 144.741064 14 0.000000 0.010000 
25601 406 387 35.616032 14 0.000000 0.010000 
25602 414 406 24.586603 12 0.000000 0.010000 
25603 414 486 153.350208 12 0.000000 0.010000 
25877 1254 1253 61.231651 7 0.000000 0.010000 
25878 1253 1252 33.817923 13 0.000000 0.010000 
25879 1246 1251 57.437817 12 0.000000 0.010000 
25880 1251 1250 27.418083 13 0.000000 0.010000 
25881 1252 1251 6.513367 13 0.000000 0.010000 
25901 0 799 71.668221 12 0.000000 0.294000 
25902 799 866 578.525237 12 0.000000 0.010000 
25922 1168 1147 91.885013 7 0.000000 0.009000 
25923 1172 1167 113.823249 7 0.000000 0.009000 
25924 1168 1171 31.256230 7 0.000000 0.010000 
25925 1210 1209 26.988368 7 0.000000 0.010000 
25926 1209 1215 56.807075 7 0.000000 0.010000 
25927 1215 1214 40.203085 7 0.000000 0.010000 
25928 1214 1212 34.744830 7 0.000000 0.010000 
25929 1212 1211 31.102302 13 0.000000 0.010000 
25930 1206 1207 14.688147 12 0.000000 0.010000 
25931 1207 1211 8.711331 12 0.000000 0.010000 
25932 1205 1206 14.653393 12 0.000000 0.010000 
25933 1202 1205 36.115181 12 0.000000 0.010000 
25934 1198 1202 69.819296 12 0.000000 0.010000 
25935 1195 1206 137.725716 13 0.000000 0.010000 
25943 1228 1227 40.581951 12 0.000000 0.010000 
25944 1228 1236 42.346068 12 0.000000 0.010000 
25945 1229 1228 37.822738 12 0.000000 0.010000 
25946 1232 1229 37.660956 12 0.000000 0.010000 
25947 1236 1231 75.475414 12 0.000000 0.010000 
25948 1238 1236 58.132605 12 0.000000 0.010000 
25949 1201 1208 46.660985 12 0.000000 0.010000 
25950 1200 1201 66.747115 12 0.000000 0.010000 
25951 1216 1220 34.918332 12 0.000000 0.010000 
25952 1218 1216 71.188098 12 0.000000 0.010000 
25953 1213 1208 65.252271 12 0.000000 0.010000 
25954 1199 1194 318.868275 12 0.000000 0.010000 
25955 1201 1199 25.440741 12 0.000000 0.010000 
25956 1199 1216 101.068742 12 0.000000 0.010000 
25957 1226 1204 372.729465 12 0.000000 0.010000 
26093 1196 1211 141.786941 13 0.000000 0.010000 
26094 1212 1197 145.902903 13 0.000000 0.010000 
26095 1189 1192 103.685271 13 0.000000 0.010000 
26096 1212 1215 222.914023 7 0.000000 0.010000 
26097 1233 1225 52.131529 7 0.000000 0.010000 
26098 1237 1233 54.793467 7 0.000000 0.010000 
26099 1233 1224 78.734419 7 0.000000 0.010000 
26100 1224 1223 27.719176 12 0.000000 0.010000 
26101 1211 1223 112.198767 12 0.000000 0.010000 
26102 1221 1205 114.175296 12 0.000000 0.010000 
26103 1234 1224 62.077334 7 0.000000 0.010000 
26104 1223 1230 64.785708 12 0.000000 0.010000 
26105 1244 1243 45.416562 7 0.000000 0.010000 
26106 1239 1243 180.724777 7 0.000000 0.010000 
26107 1243 1241 18.920573 7 0.000000 0.010000 
26108 1250 1249 36.240118 12 0.000000 0.010000 
26109 1256 1254 25.199854 7 0.000000 0.010000 
26110 1247 1254 66.943813 7 0.000000 0.010000 
26111 1242 1247 109.618587 7 0.000000 0.010000 
26212 1162 1141 98.138123 7 0.000000 0.010000 
26213 1154 1130 109.031978 7 0.000000 0.010000 
26214 1133 1155 98.729971 7 0.000000 0.010000 
26215 1121 1145 86.535315 7 0.000000 0.010000 
26216 1151 1123 98.279017 7 0.000000 0.010000 
26217 1126 1152 103.075232 7 0.000000 0.010000 
26218 1122 1149 93.743865 7 0.000000 0.010000 
26219 1118 1128 41.621434 7 0.000000 0.010000 
26220 1120 1139 78.514216 7 0.000000 0.010000 
26221 1113 1125 68.671855 7 0.000000 0.010000 
26222 1114 1129 69.354847 7 0.000000 0.010000 
26223 1117 1135 71.879264 7 0.000000 0.010000 
26224 1158 1162 56.194003 7 0.000000 0.010000 
26225 1155 1158 66.131702 7 0.000000 0.010000 
26386 1158 1137 99.390288 7 0.000000 0.010000 
26387 1155 1157 14.171244 7 0.000000 0.010000 
26388 1162 1164 17.898705 7 0.000000 0.010000 
26389 1136 1140 85.956670 7 0.000000 0.009000 
26390 1134 1127 80.233688 7 0.000000 0.009000 
26391 1148 1140 32.390987 7 0.000000 0.009000 
26392 1140 1134 30.381045 7 0.000000 0.009000 
26393 1134 1131 7.186363 7 0.000000 0.009000 
26394 1146 1167 92.973735 7 0.000000 0.009000 
26395 1167 1165 29.795920 7 0.000000 0.009000 
26396 1167 1168 33.465528 7 0.000000 0.009000 
27455 1261 1260 58.337909 13 0.000000 0.010000 
27526 31 34 339.876817 14 0.000000 0.273000 
27527 34 29 144.862607 14 0.000000 0.000000 
27528 678 653 91.848783 12 0.000000 0.010000 
27529 653 585 293.910299 12 0.000000 0.010000 
27532 507 577 114.276135 12 0.000000 0.010000 
27540 33 0 220.636289 12 0.000000 0.287000 
27600 1171 1172 75.610869 7 0.000000 0.010000 
27601 1172 1179 148.199097 7 0.000000 0.010000 
27688 1058 0 2448.999880 1 0.000000 0.009000 
27689 1057 1045 355.977360 2 0.000000 0.008000 
28147 1049 1091 1127.386273 2 0.000000 0.010000 
28148 1091 1079 387.125593 2 0.000000 0.010000 
28268 191 212 87.172338 7 0.000000 0.010000 
28269 212 225 43.046519 7 0.000000 0.011000 
28514 530 489 75.673578 14 0.000000 0.036000 
28515 489 449 161.973999 14 0.000000 0.036000 
28520 0 1 29.778337 14 0.000000 0.000000 
28542 1154 1152 32.329566 7 0.000000 0.010000 
28660 449 488 59.931318 14 0.000000 0.036000 
28661 488 505 37.206087 14 0.000000 0.036000 
28664 1149 1145 38.699074 7 0.000000 0.010000 
28665 1137 1141 55.750678 7 0.000000 0.010000 
28684 582 585 41.290059 9 0.000000 0.010000 
28685 585 612 209.474254 9 0.000000 0.010000 
28713 1141 1144 61.648727 7 0.000000 0.010000 
28908 6 12 116.998992 14 0.000000 0.054000 
28909 12 23 102.953122 14 0.000000 0.010000 
28910 1145 1139 42.532939 7 0.000000 0.010000 
28911 1139 1135 52.790925 7 0.000000 0.010000 
28925 105 129 258.634369 14 0.000000 0.010000 
28961 1 6 92.238795 14 0.000000 0.010000 
29001 92 90 16.315442 9 0.000000 0.010000 
29002 90 55 211.285041 9 0.000000 0.033000 
29044 352 392 125.689153 13 0.000000 0.010000 
29045 392 398 125.316414 13 0.000000 0.010000 
29083 1192 1190 62.152116 13 0.000000 0.010000 
29107 468 507 63.740066 12 0.000000 0.009000 
29128 1135 1129 40.561992 7 0.000000 0.010000 
29159 1109 1144 195.342244 7 0.000000 0.010000 
29160 1144 1153 44.478568 7 0.000000 0.010000 
29190 658 647 108.862381 9 0.000000 0.010000 
29191 647 626 172.623101 9 0.000000 0.010000 
29197 929 943 75.555791 14 0.000000 0.010000 
29198 943 947 33.893462 14 0.000000 0.010000 
29228 1265 1264 22.782279 13 0.000000 0.010000 
29256 1122 1123 18.602411 7 0.000000 0.010000 
29282 0 131 39.166096 14 0.000000 0.000000 
29283 131 147 77.314577 7 0.000000 0.010000 
29297 1126 1130 34.997710 7 0.000000 0.010000 
29298 1130 1133 34.353870 7 0.000000 0.010000 
29303 7 0 140.682267 14 0.000000 0.010000 
29352 1147 1146 36.537722 7 0.000000 0.009000 
29353 1146 1143 40.193352 7 0.000000 0.009000 
29366 293 213 475.850223 14 0.000000 0.000000 
29367 213 195 130.587376 14 0.000000 0.010000 
29392 1153 1164 68.474024 7 0.000000 0.010000 
29393 1164 1159 122.588147 7 0.000000 0.010000 
29401 1124 1150 96.133673 7 0.000000 0.010000 
29402 1150 1171 95.398562 7 0.000000 0.010000 
29440 499 471 99.574180 14 0.000000 0.010000 
29460 763 775 27.545542 14 0.000000 0.010000 
29461 775 943 727.164896 14 0.000000 0.010000 
29471 1263 1261 43.525370 13 0.000000 0.010000 
29492 1114 1117 41.196058 7 0.000000 0.010000 
29493 1117 1118 20.970687 7 0.000000 0.010000 
29511 1129 1125 19.936229 7 0.000000 0.010000 
29512 1125 1112 205.212563 7 0.000000 0.010000 
29530 1100 1113 396.512487 14 0.000000 0.010000 
29531 1113 1114 20.204651 7 0.000000 0.010000 
29540 79 69 73.088683 14 0.000000 0.023000 
29541 69 89 75.863953 14 0.000000 0.023000 
29566 1244 1256 167.706213 7 0.000000 0.010000 
29567 1256 1266 75.561971 7 0.000000 0.010000 
29638 1133 1137 61.307166 7 0.000000 0.010000 
29649 1264 1263 33.670029 13 0.000000 0.010000 
29661 395 404 83.145899 14 0.000000 0.010000 
29662 667 716 110.282939 14 0.000000 0.010000 
29663 716 731 24.393720 14 0.000000 0.010000 
29681 1118 1120 17.920754 7 0.000000 0.010000 
29711 1197 1196 27.153847 13 0.000000 0.010000 
29714 544 527 150.540474 13 0.009640 0.340000 
29715 527 519 61.620960 14 0.000000 0.010000 
29722 111 90 100.774330 14 0.000000 0.010000 
29764 1120 1121 40.881802 7 0.000000 0.010000 
29765 1121 1122 36.400059 7 0.000000 0.010000 
29827 23 0 63.401560 12 0.000000 0.000000 
29828 0 33 220.819036 12 0.000000 0.287000 
29829 13 0 166.039203 12 0.000000 0.000000 
29836 61 65 74.272780 14 0.000000 0.010000 
29837 65 43 298.893392 12 0.000000 0.010000 
29842 1159 1157 25.195894 7 0.000000 0.010000 
29843 1157 1154 33.980545 7 0.000000 0.010000 
29847 14 7 113.957961 14 0.000000 0.010000 
29860 1123 1126 24.833699 7 0.000000 0.010000 
29866 471 446 59.536141 14 0.000000 0.010000 
29867 446 424 71.451552 14 0.000000 0.010000 
29905 520 549 365.465239 14 0.000000 0.010000 
29906 674 694 54.138734 14 0.000000 0.010000 
29947 621 563 144.075779 14 0.000000 0.010000 
29948 563 500 118.268681 14 0.000000 0.010000 
29976 0 14 101.353176 12 0.000000 0.010000 
29983 1150 1148 34.071611 7 0.000000 0.009000 
29984 1148 1147 19.775637 7 0.000000 0.009000 
30001 1203 1197 115.810073 13 0.000000 0.010000 
30016 1196 1195 35.699428 13 0.000000 0.010000 
30017 1195 1192 84.648869 13 0.000000 0.010000 
30054 1152 1151 22.357397 7 0.000000 0.010000 
30055 1151 1149 20.936010 7 0.000000 0.010000 
30180 1210 1237 213.878819 7 0.000000 0.010000 
30181 1237 1244 248.753124 7 0.000000 0.010000 
30183 721 825 350.038227 14 0.000000 0.010000 
30184 728 720 225.286791 14 0.000000 0.010000 
30185 147 149 26.923461 7 0.000000 0.010000 
30186 156 154 27.724765 7 0.000000 0.010000 
30187 194 134 250.213124 7 0.000000 0.010000 
30188 131 191 258.403044 7 0.000000 0.010000 
30199 0 670 1170.904838 1 0.000000 0.010000 
30200 695 670 151.134336 14 0.000000 0.010000 
30201 726 695 279.601644 14 0.000000 0.010000 
30202 483 666 538.420829 14 0.000000 0.010000 
30203 666 697 181.221143 14 0.000000 0.010000 
30204 666 0 619.169452 2 0.000000 0.010000 
30653 477 435 76.074940 12 0.000000 0.010000 
30722 430 591 268.782313 12 0.000000 0.010000 
30723 983 986 30.978081 12 0.000000 0.010000 
30754 827 841 158.920234 12 0.000000 0.010000 
30755 790 774 74.256166 12 0.000000 0.009000 
30835 0 1106 198.145164 12 0.000000 0.008000 
30870 128 150 94.995248 14 0.000000 0.009000 
30904 219 237 90.152151 12 0.000000 0.010000 
30905 75 177 734.310682 14 0.000000 0.010000 
30969 1015 1016 28.295770 12 0.000000 0.010000 
30970 973 969 79.051281 12 0.000000 0.009000 
30971 914 920 46.373268 12 0.000000 0.010000 
30972 946 951 45.250671 12 0.000000 0.010000 
30973 999 960 144.027105 12 0.000000 0.010000 
30974 907 874 204.714691 12 0.000000 0.010000 
30975 859 832 69.313106 12 0.000000 0.010000 
30976 865 836 80.594245 12 0.000000 0.010000 
30977 819 814 19.288808 12 0.000000 0.010000 
30978 792 771 69.165604 12 0.000000 0.010000 
30979 793 766 81.319900 12 0.000000 0.010000 
30980 833 848 72.019937 12 0.000000 0.010000 
30981 790 827 167.452954 12 0.000000 0.009000 
30982 740 778 91.560671 14 0.000000 0.010000 
30986 498 522 38.994865 12 0.000000 0.010000 
30987 1005 991 64.713686 12 0.000000 0.010000 
30997 803 792 151.020967 12 0.000000 0.010000 
30998 848 865 166.529920 12 0.000000 0.010000 
30999 832 783 159.934023 12 0.000000 0.010000 
31019 494 521 42.979366 12 0.000000 0.010000 
31020 565 609 68.916115 12 0.000000 0.010000 
31021 873 851 94.811137 12 0.000000 0.009000 
31022 931 950 92.594889 12 0.000000 0.010000 
31023 700 661 92.133837 12 0.000000 0.010000 
31041 521 565 74.991556 12 0.000000 0.010000 
31157 893 937 413.599637 12 0.000000 0.010000 
31158 945 946 150.552860 12 0.000000 0.010000 
31159 793 819 222.479198 12 0.000000 0.010000 
31195 553 567 31.811717 12 0.000000 0.010000 
31196 464 467 45.432389 12 0.000000 0.010000 
31197 473 459 101.917764 12 0.000000 0.010000 
31198 431 478 85.738596 12 0.000000 0.010000 
31199 447 483 82.116223 14 0.000000 0.010000 
31200 407 390 82.331835 14 0.000000 0.010000 
31202 401 441 99.093590 12 0.000000 0.010000 
31204 420 377 165.051340 12 0.000000 0.010000 
31205 409 408 107.077349 12 0.000000 0.010000 
31206 336 304 75.317512 12 0.000000 0.010000 
31229 557 674 242.209565 9 0.000000 0.010000 
31388 228 279 162.570602 14 0.000000 0.009000 
31389 94 89 71.568174 12 0.000000 0.010000 
31484 906 914 135.908945 12 0.000000 0.010000 
31485 1011 999 90.995773 12 0.000000 0.010000 
31486 1016 1005 65.544585 12 0.000000 0.010000 
31487 938 961 87.238803 12 0.000000 0.010000 
31488 969 916 216.283577 12 0.000000 0.010000 
31489 937 940 149.237496 12 0.000000 0.000000 
31490 951 956 69.380600 12 0.000000 0.010000 
31491 920 925 26.957652 12 0.000000 0.010000 
31492 968 991 86.211725 12 0.000000 0.010000 
31493 891 865 136.192603 12 0.000000 0.010000 
31494 841 859 187.812924 12 0.000000 0.010000 
31495 834 826 72.104904 12 0.000000 0.010000 
31496 758 790 105.431331 12 0.000000 0.010000 
31497 856 836 129.706030 14 0.000000 0.010000 
31498 814 792 69.064531 12 0.000000 0.010000 
31499 787 789 86.421979 12 0.000000 0.010000 
31500 833 793 129.833509 12 0.000000 0.010000 
31501 805 785 67.203416 12 0.000000 0.010000 
31502 774 748 66.457562 12 0.000000 0.009000 
31503 693 717 140.231446 14 0.000000 0.010000 
31504 712 751 87.615446 12 0.000000 0.010000 
31505 766 729 74.996091 12 0.000000 0.010000 
31506 685 690 45.185874 14 0.000000 0.010000 
31507 692 735 410.854122 12 0.000000 0.010000 
31508 661 626 89.674319 12 0.000000 0.039000 
31509 653 634 188.106659 12 0.000000 0.010000 
31510 724 701 68.592127 12 0.000000 0.010000 
31511 709 686 82.260514 12 0.000000 0.010000 
31512 782 759 75.208321 12 0.000000 0.010000 
31513 798 824 129.277035 12 0.000000 0.010000 
31514 481 520 88.442938 14 0.000000 0.010000 
31575 354 359 75.684562 14 0.000000 0.010000 
31611 553 594 275.030553 14 0.000000 0.010000 
31729 279 258 73.692032 14 0.000000 0.009000 
31764 459 409 122.472971 12 0.000000 0.010000 
31765 425 480 106.066428 12 0.000000 0.010000 
31766 377 357 120.866144 12 0.000000 0.010000 
31813 26 39 277.826562 12 0.000000 0.010000 
31814 85 77 91.063065 12 0.000000 0.000000 
31815 11 21 391.859909 14 0.000000 0.291000 
31842 272 287 82.187617 12 0.000000 0.009000 
31866 701 581 347.923622 12 0.000000 0.016000 
31867 478 477 101.680525 14 0.000000 0.010000 
31868 522 557 66.961163 12 0.000000 0.010000 
31869 464 553 150.172302 12 0.000000 0.000000 
31963 734 709 68.023743 12 0.000000 0.010000 
31964 669 637 132.476076 12 0.000000 0.010000 
31965 813 798 73.725475 12 0.000000 0.010000 
31966 824 837 93.376323 12 0.000000 0.010000 
31967 897 893 79.553086 14 0.000000 0.012000 
32024 567 594 51.680242 12 0.000000 0.010000 
32025 441 464 47.025082 12 0.000000 0.010000 
32026 729 690 81.114633 12 0.000000 0.010000 
32027 594 621 96.059518 12 0.000000 0.010000 
32028 567 563 283.386421 14 0.000000 0.010000 
32033 177 228 188.461187 14 0.000000 0.009000 
32060 994 969 86.107645 12 0.000000 0.009000 
32061 916 907 69.094402 12 0.000000 0.010000 
32062 1016 1018 32.239067 12 0.000000 0.010000 
32063 940 945 201.293242 12 0.000000 0.010000 
32064 961 968 33.955323 12 0.000000 0.010000 
32065 925 937 164.188810 12 0.000000 0.010000 
32066 926 941 222.501042 14 0.000000 0.010000 
32067 874 859 56.573447 12 0.000000 0.010000 
32068 837 834 139.889142 12 0.000000 0.010000 
32069 836 819 53.637793 12 0.000000 0.010000 
32070 814 856 202.447301 12 0.000000 0.010000 
32098 686 669 63.358956 12 0.000000 0.010000 
32104 368 336 66.567165 12 0.000000 0.010000 
32105 330 316 96.540819 14 0.000000 0.010000 
32106 261 305 107.040727 14 0.000000 0.009000 
32107 287 294 66.460474 12 0.000000 0.010000 
32108 304 281 63.727378 12 0.000000 0.010000 
32109 257 272 78.053748 12 0.000000 0.010000 
32110 74 75 136.229847 14 0.000000 0.010000 
32235 467 472 91.901839 12 0.000000 0.010000 
32236 480 473 28.858001 12 0.000000 0.010000 
32237 456 509 85.623692 12 0.000000 0.010000 
32239 686 758 201.279920 12 0.000000 0.010000 
32259 79 64 75.388538 12 0.000000 0.011000 
32308 621 663 106.929789 12 0.000000 0.009000 
32329 359 362 61.299542 14 0.000000 0.010000 
32330 409 377 60.339069 12 0.000000 0.010000 
32331 479 340 272.618584 14 0.000000 0.010000 
32332 408 425 45.438708 12 0.000000 0.010000 
32333 336 330 41.723207 14 0.000000 0.010000 
32334 357 368 27.320533 12 0.000000 0.010000 
32335 242 294 192.433746 14 0.000000 0.009000 
32336 305 323 48.470437 12 0.000000 0.010000 
32491 235 284 116.721287 12 0.000000 0.010000 
32492 260 218 113.490405 12 0.000000 0.010000 
32493 367 364 45.696240 12 0.000000 0.010000 
32494 419 380 97.252755 12 0.000000 0.010000 
32495 338 360 50.335268 12 0.000000 0.010000 
32559 368 408 70.012862 12 0.000000 0.010000 
32560 336 340 81.691082 14 0.000000 0.010000 
32561 323 362 77.398110 12 0.000000 0.010000 
32562 261 242 35.080633 14 0.000000 0.009000 
32564 313 344 94.948202 12 0.000000 0.010000 
32603 904 891 65.071880 12 0.000000 0.010000 
32604 851 831 67.957354 12 0.000000 0.010000 
32653 661 685 189.680819 14 0.000000 0.010000 
32654 735 700 68.497502 12 0.000000 0.010000 
32655 748 724 69.824437 12 0.000000 0.009000 
32665 983 959 204.263031 12 0.000000 0.010000 
32666 435 431 116.434402 12 0.000000 0.010000 
32706 637 614 71.851580 12 0.000000 0.010000 
32707 312 447 369.157668 14 0.000000 0.009000 
32708 279 313 106.331957 12 0.000000 0.009000 
32758 490 529 73.418770 12 0.000000 0.000000 
32759 547 534 55.077474 12 0.000000 0.036000 
32760 598 656 190.609009 12 0.000000 0.010000 
32761 596 618 50.834932 12 0.000000 0.010000 
32762 737 676 239.488302 12 0.000000 0.000000 
32763 683 655 123.049837 12 0.000000 0.245000 
32764 804 764 155.124120 12 0.002975 1.861000 
32765 682 705 66.701777 12 0.000000 0.010000 
32766 727 708 70.741571 12 0.000000 0.010000 
32767 167 135 238.740560 12 0.000000 0.010000 
32768 915 933 90.239894 12 0.000000 0.010000 
32769 1020 1021 60.660333 12 0.000000 0.010000 
32770 412 436 68.901404 12 0.000000 0.010000 
32771 542 513 45.574031 12 0.000000 0.010000 
32772 620 574 76.910012 12 0.000000 0.010000 
32773 470 502 168.550693 12 0.000000 0.010000 
32774 617 606 69.816563 12 0.000000 0.010000 
32775 791 704 199.178074 12 0.000000 0.010000 
32776 800 801 162.037274 12 0.000000 0.010000 
32777 821 843 110.659045 12 0.000000 0.010000 
32778 860 887 244.818255 12 0.000000 0.010000 
32779 711 767 113.228840 12 0.000000 0.010000 
32780 997 1009 73.069854 12 0.000000 0.010000 
32804 759 734 82.204531 12 0.000000 0.010000 
32809 942 1013 333.846088 12 0.000000 0.010000 
32843 39 33 218.113068 12 0.000000 0.010000 
32844 89 85 44.623670 12 0.000000 0.010000 
32879 546 539 160.637573 12 0.000000 0.000000 
32905 157 148 100.936598 12 0.000000 0.010000 
32906 210 240 103.415406 12 0.000000 0.010000 
32916 593 627 64.024176 12 0.000000 0.010000 
32917 539 532 160.510574 12 0.000000 0.010000 
32918 504 506 90.253777 12 0.000000 0.010000 
32919 671 708 191.301166 12 0.000000 0.010000 
32942 394 383 40.156513 12 0.000000 0.010000 
32943 460 442 80.026576 12 0.000000 0.000000 
33061 77 39 509.177260 12 0.000000 0.010000 
33094 494 477 26.624332 12 0.000000 0.010000 
33140 818 833 148.619639 12 0.000000 0.010000 
33141 751 776 47.951858 12 0.000000 0.010000 
33174 614 525 200.334643 12 0.000000 0.010000 
33175 480 479 42.093132 12 0.000000 0.010000 
33176 447 481 69.359551 14 0.000000 0.010000 
33177 362 401 68.217635 12 0.000000 0.010000 
33178 472 354 237.371805 14 0.000000 0.010000 
33179 359 467 219.962758 14 0.000000 0.010000 
33181 718 756 98.195110 14 0.000000 0.010000 
33182 739 751 65.795357 12 0.000000 0.010000 
33183 729 771 227.683742 12 0.000000 0.010000 
33184 565 487 256.820767 12 0.000000 0.010000 
33185 522 521 102.003723 12 0.000000 0.010000 
33186 478 498 30.097900 12 0.000000 0.010000 
33187 650 687 99.838785 12 0.000000 0.010000 
33208 279 312 92.852190 14 0.000000 0.009000 
33209 237 257 64.123221 12 0.000000 0.010000 
33216 693 718 62.426676 14 0.000000 0.010000 
33217 777 739 176.449738 12 0.000000 0.010000 
33218 783 776 27.690788 12 0.000000 0.010000 
33219 690 696 156.999932 14 0.000000 0.010000 
33220 766 792 226.504211 12 0.000000 0.010000 
33221 771 735 70.637723 12 0.000000 0.000000 
33222 981 993 44.972883 12 0.000000 0.010000 
33230 459 456 154.615805 12 0.000000 0.010000 
33231 429 420 209.208875 12 0.000000 0.010000 
33232 344 377 73.484404 12 0.000000 0.010000 
33261 884 842 267.188004 14 0.000000 0.009000 
33262 904 891 416.327807 12 0.000000 0.010000 
33263 826 790 141.909850 12 0.000000 0.010000 
33264 831 813 73.055689 12 0.000000 0.010000 
33265 798 782 71.052935 12 0.000000 0.010000 
33266 687 712 64.420848 12 0.000000 0.010000 
33269 150 168 72.595809 14 0.000000 0.009000 
33270 199 214 162.728261 12 0.000000 0.009000 
33286 16 26 116.692423 12 0.000000 0.010000 
33287 8 11 135.954702 14 0.000000 0.010000 
33304 94 79 74.316034 12 0.000000 0.010000 
33374 33 0 127.750071 12 0.000000 0.000000 
33414 1018 1020 124.255352 12 0.000000 0.010000 
33415 64 53 71.969503 12 0.000000 0.010000 
33515 796 789 96.340608 12 0.000000 0.018000 
33576 1188 1186 110.830056 12 0.000000 0.010000 
33650 493 483 158.800640 12 0.000000 0.010000 
33658 633 634 10.220280 12 0.000000 0.010000 
33659 903 906 48.722559 12 0.000000 0.012000 
33660 66 64 18.942669 12 0.000000 0.010000 
33686 203 194 82.365837 12 0.000000 0.010000 
33691 645 627 82.589936 12 0.000000 0.010000 
33692 556 593 53.556063 12 0.000000 0.010000 
33693 504 501 122.061869 12 0.000000 0.010000 
33756 458 445 106.917660 12 0.000000 0.010000 
33757 400 423 53.375683 12 0.000000 0.010000 
33758 506 465 83.357698 12 0.000000 0.010000 
33759 475 528 86.104183 12 0.000000 0.010000 
33760 642 649 140.310717 12 0.000000 0.010000 
33761 811 815 20.812437 12 0.000000 0.010000 
33762 418 462 111.282986 12 0.000000 0.010000 
33763 530 541 37.111303 12 0.000000 0.036000 
33802 514 512 63.119529 12 0.000000 0.036000 
33803 531 514 74.392440 12 0.000000 0.152000 
33804 386 379 19.155601 12 0.000000 0.000000 
33805 396 386 35.369071 12 0.000000 0.010000 
33806 415 396 62.164531 12 0.000000 0.000000 
33807 418 415 25.963922 12 0.000000 0.000000 
33808 278 295 38.163707 12 0.306810 1.325000 
33809 373 380 96.631995 12 0.000000 0.010000 
33810 202 198 26.849298 12 0.108050 0.649000 
33811 157 180 202.803206 12 0.000000 0.010000 
33898 234 230 112.193818 12 0.000000 0.015000 
33899 648 620 72.147797 12 0.000000 0.010000 
33900 636 617 150.547302 12 0.000000 0.010000 
33901 623 649 70.927516 12 0.000000 0.010000 
33903 550 556 46.044267 12 0.000000 0.010000 
33946 32 35 204.321004 12 0.000000 0.010000 
33958 394 374 38.482701 12 0.000000 0.010000 
34015 643 652 56.838142 12 0.000000 0.010000 
34034 38 26 653.759632 12 0.000000 0.010000 
34037 187 182 48.097002 12 0.000000 0.010000 
34038 97 94 70.043652 12 0.000000 0.010000 
34039 575 550 138.156482 12 0.000000 0.010000 
34040 501 571 108.354142 12 0.000000 0.010000 
34041 643 630 37.634535 12 0.000000 0.010000 
34042 605 540 112.587008 12 0.000000 0.010000 
34043 671 702 71.252726 12 0.000000 0.010000 
34044 654 628 250.705481 12 0.000000 0.010000 
34045 660 764 237.007547 12 0.000000 0.000000 
34046 193 221 111.407805 12 0.306810 0.817000 
34047 328 310 42.619441 12 0.000000 0.010000 
34048 245 300 121.136851 12 0.000000 0.012000 
34049 288 355 149.113364 12 0.306810 1.325000 
34077 100 98 19.054978 12 0.000000 0.010000 
34078 101 100 32.616968 12 0.000000 0.010000 
34079 116 107 84.204193 12 0.000000 0.010000 
34123 310 300 100.739362 12 0.000000 0.010000 
34124 209 245 112.965714 12 0.000000 0.091000 
34125 244 0 240.797092 12 0.054955 0.302000 
34126 133 106 167.858710 12 0.073512 0.519000 
34127 153 143 189.770076 12 0.000000 0.010000 
34128 138 145 87.352742 12 0.125877 1.047000 
34129 160 193 119.868764 12 0.000000 0.044000 
34130 166 189 80.007282 12 0.108050 0.649000 
34131 176 174 58.832633 12 0.081037 1.304000 
34132 885 884 144.288823 14 0.000000 0.012000 
34133 864 869 130.617388 14 0.000000 0.012000 
34136 842 852 120.456198 14 0.000000 0.018000 
34137 820 817 108.781028 14 0.000000 0.018000 
34138 83 79 43.570922 12 0.000000 0.010000 
34142 629 628 189.923470 12 0.000000 0.130000 
34143 91 80 50.656051 14 0.000000 0.010000 
34174 309 342 75.297130 12 0.000000 0.010000 
34180 948 901 524.806875 12 0.000000 0.010000 
34181 1188 1190 76.584048 12 0.000000 0.010000 
34224 410 394 80.264028 12 0.000000 0.023000 
34225 371 351 48.259631 12 0.000000 0.010000 
34230 383 371 30.227990 12 0.000000 0.010000 
34231 416 410 24.204836 12 0.000000 0.023000 
34232 596 548 73.437084 12 0.000000 0.010000 
34233 369 400 51.707238 12 0.000000 0.010000 
34234 268 288 35.843746 12 0.000000 0.018000 
34251 532 629 163.530617 12 0.000000 0.010000 
34252 660 705 181.462295 12 0.000000 0.010000 
34257 230 278 116.527697 12 0.000000 0.010000 
34258 221 268 111.372093 12 0.000000 0.018000 
34259 606 574 221.729896 12 0.000000 0.010000 
34260 623 620 65.051936 12 0.000000 0.010000 
34261 680 648 71.003122 12 0.000000 0.010000 
34262 772 807 142.456488 12 0.000000 0.010000 
34263 815 821 34.905529 12 0.000000 0.010000 
34264 604 547 182.134131 12 0.000000 0.036000 
34265 204 234 102.080327 12 0.000000 0.010000 
34266 198 196 10.789483 12 0.104262 0.649000 
34267 221 223 111.954095 12 0.000000 0.018000 
34268 300 280 114.264956 12 0.000000 0.012000 
34269 373 369 35.947758 12 0.000000 0.010000 
34390 87 83 100.362176 12 0.000000 0.010000 
34443 380 328 97.969079 12 0.000000 0.010000 
34444 556 546 113.645178 12 0.000000 0.010000 
34449 49 47 73.801760 12 0.000000 0.000000 
34450 50 48 46.167784 12 0.000000 0.011000 
34451 44 42 77.489719 12 0.000000 0.000000 
34453 60 58 34.016116 12 0.000000 0.010000 
34471 70 66 120.635648 12 0.000000 0.010000 
34472 103 87 78.350513 12 0.000000 0.010000 
34473 102 95 40.400346 12 0.000000 0.010000 
34479 657 645 73.801604 12 0.000000 0.010000 
34480 135 124 138.391682 12 0.000000 0.010000 
34481 124 116 167.003882 12 0.000000 0.010000 
34482 1009 1021 68.630747 12 0.000000 0.010000 
34483 436 475 69.051810 12 0.000000 0.010000 
34520 328 320 99.192513 12 0.000000 0.010000 
34521 338 324 85.694538 12 0.000000 0.010000 
34522 575 627 150.348903 12 0.000000 0.010000 
34523 576 546 46.521261 12 0.000000 0.010000 
34524 560 571 60.711973 12 0.000000 0.010000 
34525 652 682 152.933764 12 0.000000 0.010000 
34526 630 671 303.126554 12 0.000000 0.010000 
34527 764 899 481.549665 12 0.000000 0.010000 
34531 48 47 72.144186 12 0.000000 0.010000 
34557 349 364 179.256992 12 0.000000 0.010000 
34564 166 163 45.053266 12 0.161952 0.649000 
34570 374 333 82.976040 12 0.000000 0.010000 
34593 749 745 29.350518 12 0.000000 0.000000 
34594 604 639 81.685700 12 0.000000 0.017000 
34595 116 102 44.255594 12 0.000000 0.010000 
34596 540 560 107.554693 12 0.000000 0.010000 
34640 627 576 143.555178 12 0.000000 0.010000 
34641 682 657 81.833294 12 0.000000 0.010000 
34642 654 660 20.933733 12 0.000000 0.010000 
34643 144 137 173.026625 12 0.000000 0.010000 
34645 120 143 98.985590 12 0.000000 0.010000 
34646 153 186 132.771039 12 0.000000 0.044000 
34647 163 160 44.211047 12 0.161952 1.304000 
34648 176 204 104.457516 12 0.296055 0.943000 
34649 53 50 32.803720 12 0.000000 0.011000 
34655 235 224 87.405695 12 0.000000 0.010000 
34768 540 503 66.130981 12 0.000000 0.010000 
34769 355 395 68.981617 12 0.000000 0.010000 
34770 263 291 66.090621 12 0.000000 0.010000 
34771 230 227 27.074708 12 0.306810 1.325000 
34772 52 49 69.401267 12 0.000000 0.010000 
34773 52 54 70.484886 12 0.000000 0.010000 
34800 936 879 356.290181 12 0.000000 0.010000 
34805 0 1193 373.973026 12 0.000000 0.010000 
34906 206 203 38.952563 12 0.000000 0.091000 
34907 133 120 193.917931 12 0.073731 0.787000 
34908 193 186 111.345759 12 0.000000 0.021000 
34909 174 166 52.722533 12 0.104262 0.943000 
34923 321 265 134.635461 14 0.000000 0.018000 
34924 298 249 200.468914 12 0.000000 0.009000 
34927 1271 1255 611.483784 14 0.000000 0.010000 
34987 0 545 83.463776 12 0.000000 0.152000 
34994 680 711 89.917910 12 0.000000 0.010000 
34997 558 604 75.298341 12 0.000000 0.036000 
34998 879 765 665.435832 12 0.000000 0.010000 
35063 665 646 143.968753 14 0.000000 0.010000 
35075 881 860 81.440351 12 0.000000 0.010000 
35090 369 367 23.598394 12 0.000000 0.010000 
35091 133 153 106.849853 12 0.167836 0.758000 
35092 160 138 107.336719 12 0.161952 1.304000 
35093 196 193 53.659569 12 0.104262 0.649000 
35094 159 145 235.493385 14 0.121464 1.304000 
35095 142 144 68.009241 12 0.000000 0.010000 
35096 140 139 53.218999 12 0.000000 0.010000 
35097 240 234 130.758620 12 0.000000 0.010000 
35098 210 204 132.468228 12 0.078196 0.412000 
35099 182 226 168.454240 12 0.000000 0.019000 
35100 186 223 132.575645 12 0.000000 0.010000 
35101 227 221 63.008674 12 0.296055 1.325000 
35102 189 202 34.539103 12 0.108050 0.649000 
35103 245 233 114.142054 12 0.000000 0.012000 
35104 254 247 92.889664 12 0.000000 0.011000 
35105 300 320 48.288629 12 0.000000 0.010000 
35106 360 328 187.162800 12 0.000000 0.010000 
35107 760 710 96.266835 12 0.000000 0.010000 
35145 442 440 9.969755 12 0.000000 0.000000 
35152 50 70 207.304868 12 0.000000 0.010000 
35154 68 62 76.833049 12 0.000000 0.010000 
35182 284 271 86.924312 12 0.000000 0.010000 
35183 218 209 103.148520 12 0.000000 0.015000 
35186 360 380 182.622353 12 0.000000 0.010000 
35189 88 81 98.032500 12 0.000000 0.010000 
35211 1245 1260 158.111873 12 0.000000 0.010000 
35243 944 980 129.956782 12 0.000000 0.010000 
35244 564 644 149.631210 12 0.000000 0.010000 
35245 704 644 155.544065 12 0.000000 0.010000 
35246 860 791 202.107503 12 0.000000 0.010000 
35268 295 334 84.306753 12 0.000000 1.325000 
35269 286 341 123.049432 12 0.000000 0.010000 
35270 382 412 69.281662 12 0.000000 0.010000 
35271 452 532 130.947817 12 0.000000 0.010000 
35272 458 453 110.826732 12 0.000000 0.010000 
35273 445 419 68.382897 12 0.000000 0.010000 
35274 465 453 150.024489 12 0.000000 0.012000 
35275 649 648 39.174056 12 0.000000 0.010000 
35276 710 680 77.932708 12 0.000000 0.010000 
35277 811 807 27.233217 12 0.000000 0.010000 
35278 379 356 57.468034 12 0.000000 0.010000 
35279 423 482 112.058308 12 0.000000 0.010000 
35377 224 271 116.380759 12 0.000000 0.010000 
35378 356 285 223.686920 12 0.000000 0.000000 
35379 245 260 101.569862 12 0.000000 0.015000 
35380 310 260 118.286635 12 0.000000 0.010000 
35381 588 360 768.295694 12 0.000000 0.010000 
35410 285 235 276.156591 12 0.000000 0.010000 
35411 284 338 121.754462 12 0.000000 0.010000 
35412 224 218 97.456964 12 0.000000 0.010000 
35413 271 260 97.973095 12 0.000000 0.010000 
35414 506 556 84.489702 12 0.000000 0.010000 
35430 42 38 78.801153 12 0.000000 0.000000 
35439 460 490 41.879177 12 0.000000 0.000000 
35440 512 530 57.355565 12 0.000000 0.036000 
35441 534 518 60.432431 12 0.000000 0.010000 
35442 639 676 94.116315 12 0.000000 0.017000 
35443 745 737 42.687093 12 0.000000 0.000000 
35444 702 727 325.283710 12 0.000000 0.010000 
35445 705 765 201.844173 12 0.000000 0.010000 
35446 901 804 409.773504 12 0.000000 0.000000 
35447 137 135 198.811287 12 0.000000 0.010000 
35448 890 903 134.905156 12 0.000000 0.012000 
35449 470 526 86.992299 12 0.000000 0.010000 
35450 513 502 20.836359 12 0.000000 0.010000 
35451 574 542 48.442004 12 0.000000 0.010000 
35452 632 633 140.161218 12 0.000000 0.010000 
35453 843 860 94.154360 12 0.000000 0.010000 
35454 760 772 15.059685 12 0.000000 0.010000 
35455 980 997 68.925264 12 0.000000 0.010000 
35468 209 175 131.139759 12 0.000000 0.108000 
35474 335 238 277.850278 14 0.075597 0.603000 
35475 98 96 29.554944 12 0.000000 0.010000 
35476 140 142 159.210286 12 0.000000 0.010000 
35477 133 138 91.191180 12 0.077620 0.787000 
35478 160 153 92.393436 12 0.000000 0.044000 
35479 181 176 136.151512 12 0.104262 1.304000 
35480 212 210 71.927062 12 0.000000 0.010000 
35481 226 263 96.592229 12 0.000000 0.019000 
35482 234 286 116.393554 12 0.000000 0.010000 
35483 189 196 46.197639 12 0.108050 0.649000 
35484 202 230 102.407230 12 0.000000 0.015000 
35492 324 310 98.492361 12 0.000000 0.010000 
35493 342 376 67.962757 12 0.000000 0.010000 
35494 291 309 53.234971 12 0.000000 0.010000 
35495 395 444 121.354913 12 0.000000 0.010000 
35496 458 501 67.046693 12 0.000000 0.010000 
35497 503 445 102.379629 12 0.000000 0.010000 
35498 546 465 157.630020 12 0.000000 0.012000 
35499 571 575 81.283777 12 0.000000 0.010000 
35500 630 605 45.527538 12 0.000000 0.010000 
35501 643 671 116.392722 12 0.000000 0.010000 
35502 627 654 78.130992 12 0.000000 0.010000 
35506 788 741 340.258343 12 0.000000 0.010000 
35511 741 679 250.952221 12 0.000000 0.010000 
35526 518 416 351.489318 12 0.000000 0.010000 
35530 0 683 39.827571 12 0.000000 0.011000 
35541 58 54 73.664380 12 0.000000 0.010000 
35542 62 60 37.038169 12 0.000000 0.010000 
35592 649 680 77.515122 12 0.000000 0.010000 
35647 416 442 74.865745 12 0.000000 0.023000 
35648 545 531 71.600875 12 0.000000 0.152000 
35706 76 68 35.675533 12 0.000000 0.010000 
35708 110 88 238.636372 12 0.000000 0.010000 
35711 181 210 98.051853 12 0.081037 0.412000 
35712 200 167 214.868160 12 0.000000 0.010000 
35713 204 202 110.320129 12 0.000000 0.015000 
35714 767 794 77.114765 12 0.000000 0.010000 
35715 984 948 337.647472 12 0.000000 0.009000 
35758 81 86 114.407504 12 0.000000 0.010000 
35759 148 144 82.858324 12 0.000000 0.010000 
35760 87 70 72.809094 12 0.000000 0.010000 
35761 107 103 46.126899 12 0.000000 0.010000 
35766 271 324 119.147465 12 0.000000 0.010000 
35767 209 206 52.498722 12 0.000000 0.108000 
35832 103 97 81.325554 12 0.000000 0.010000 
35855 800 796 88.508669 12 0.000000 0.137000 
35904 424 413 40.305154 14 0.000000 0.010000 
35905 0 229 32.509442 14 0.077523 0.603000 
35906 223 265 100.536497 14 0.000000 0.018000 
35907 341 349 113.808593 12 0.000000 0.010000 
35908 648 680 371.745153 14 0.000000 0.010000 
35909 518 572 102.577092 14 0.000000 0.010000 
35948 372 397 210.964550 14 0.000000 0.010000 
35949 495 462 98.476946 14 0.000000 0.010000 
35960 541 558 41.290955 12 0.000000 0.000000 
35961 518 460 193.659083 12 0.000000 0.010000 
35962 529 548 39.781087 12 0.000000 0.010000 
35963 534 598 118.445941 12 0.000000 0.010000 
35964 708 682 131.732506 12 0.000000 0.010000 
35965 702 727 120.759123 12 0.000000 0.010000 
36062 642 603 192.035303 12 0.000000 0.010000 
36063 526 542 123.748184 12 0.000000 0.010000 
36064 502 454 85.226284 12 0.000000 0.010000 
36065 644 636 79.979052 12 0.000000 0.010000 
36066 801 791 75.507576 12 0.000000 0.010000 
36108 366 413 138.608869 14 0.000000 0.010000 
36114 887 890 69.847967 12 0.000000 0.011000 
36115 933 944 49.494372 12 0.000000 0.010000 
36183 572 548 220.030241 14 0.000000 0.010000 
36184 529 495 112.214660 14 0.000000 0.010000 
36185 679 656 74.820081 14 0.000000 0.010000 
36298 341 337 99.766953 14 0.000000 0.010000 
36311 0 170 221.885836 14 0.041192 0.438000 
36322 152 170 154.615418 14 0.000000 0.796000 
36323 152 126 297.643605 14 0.000000 0.299000 
36340 238 229 33.899112 14 0.058757 0.603000 
36418 246 252 38.959383 14 0.000000 0.000000 
36419 211 246 252.999934 14 0.000000 0.206000 
36497 1272 1271 304.975308 14 0.000000 0.010000 
36523 320 367 106.473445 14 0.000000 0.012000 
36524 372 421 138.348973 12 0.000000 0.010000 
36527 140 122 58.625118 14 0.000000 0.010000 
36528 101 118 69.486148 14 0.000000 0.010000 
36529 99 107 32.493386 14 0.000000 0.010000 
36530 93 99 40.315371 14 0.000000 0.010000 
36531 84 93 39.114390 14 0.000000 0.010000 
36636 118 122 30.214643 14 0.000000 0.010000 
36644 880 879 293.634223 14 0.000000 0.010000 
36656 573 444 212.298734 14 0.000000 0.010000 
36668 297 315 46.064462 14 0.000000 0.010000 
36710 249 200 298.543156 12 0.000000 0.010000 
36711 247 240 59.659044 12 0.000000 0.011000 
36714 243 296 222.283019 14 0.000000 0.009000 
36715 329 366 102.808524 14 0.000000 0.010000 
36719 126 112 189.293834 14 0.041192 0.309000 
36720 432 424 30.468240 14 0.000000 0.010000 
36721 457 432 96.866573 14 0.000000 0.010000 
36722 462 457 24.460945 14 0.000000 0.010000 
36769 314 333 94.236236 12 0.000000 0.010000 
36770 252 238 191.538101 14 0.069421 0.603000 
36790 67 71 122.052110 14 0.000000 0.010000 
36791 80 71 27.761529 14 0.000000 0.010000 
36792 95 91 30.458910 14 0.000000 0.010000 
36804 852 820 136.308409 14 0.000000 0.018000 
36805 869 885 81.975964 14 0.000000 0.012000 
36806 0 35 256.840974 14 0.000000 0.010000 
36831 428 422 39.647691 14 0.000000 0.010000 
36832 438 428 94.035275 14 0.000000 0.010000 
36833 399 381 86.802734 14 0.000000 0.010000 
36834 422 399 134.782306 14 0.000000 0.010000 
36839 347 356 27.683497 14 0.000000 0.000000 
36840 332 347 45.373815 14 0.000000 0.010000 
36841 315 332 39.501647 14 0.000000 0.010000 
36933 73 84 47.537800 14 0.000000 0.010000 
36934 67 73 26.416353 14 0.000000 0.010000 
36945 0 24 283.305566 14 0.000000 0.000000 
37126 376 382 6.703306 12 0.000000 0.010000 
37127 421 470 107.517268 12 0.000000 0.010000 
37132 511 496 28.999316 9 0.000000 0.010000 
37133 214 267 147.331362 9 0.000000 0.010000 
37177 139 143 131.685283 12 0.000000 0.010000 
37178 180 186 195.994869 12 0.000000 0.010000 
37449 839 850 138.238195 13 0.000000 0.010000 
37469 785 777 44.051573 12 0.000000 0.010000 
37470 777 739 322.505315 12 0.000000 0.010000 
37757 925 893 197.802264 6 0.000000 0.010000 
37767 945 921 247.824417 13 0.000000 0.010000 
37768 913 900 274.517742 13 0.000000 0.010000 
37769 922 924 68.196926 13 0.000000 0.010000 
37775 924 926 67.245262 13 0.000000 0.010000 
37776 892 888 235.514590 13 0.000000 0.010000 
37777 844 828 103.384747 13 0.000000 0.010000 
37778 718 740 67.733112 13 0.000000 0.010000 
37779 756 778 73.794142 13 0.000000 0.010000 
37784 809 828 117.778469 13 0.000000 0.010000 
37785 778 797 110.315603 13 0.000000 0.010000 
37786 740 755 91.368628 13 0.000000 0.010000 
37787 452 448 51.693082 13 0.000000 0.010000 
37790 652 657 247.838028 13 0.000000 0.010000 
37799 910 913 206.505529 13 0.000000 0.010000 
37839 921 922 38.046136 13 0.000000 0.010000 
37840 829 848 256.546860 13 0.000000 0.010000 
37842 900 896 322.738388 13 0.000000 0.010000 
37850 526 583 91.217074 12 0.000000 0.010000 
37851 583 623 82.740985 12 0.000000 0.010000 
37935 883 888 58.526945 9 0.000000 0.010000 
37936 635 658 74.090980 9 0.000000 0.010000 
37949 861 883 72.198684 9 0.000000 0.010000 
38032 926 919 185.062952 13 0.000000 0.010000 
38033 861 892 292.880691 13 0.000000 0.010000 
38038 942 925 86.509437 6 0.000000 0.010000 
38039 850 861 108.547226 13 0.000000 0.010000 
38298 128 129 43.272180 12 0.000000 0.009000 
38299 129 132 188.425908 12 0.000000 0.010000 
38321 267 322 123.185514 9 0.000000 0.010000 
38349 922 910 66.097844 9 0.000000 0.010000 
38381 1198 1190 148.477741 12 0.000000 0.010000 
38444 340 345 57.384161 14 0.000000 0.010000 
38463 1275 1274 217.403852 14 0.000000 0.122000 
38464 1274 1273 215.164716 14 0.000000 0.122000 
38475 910 909 327.739704 13 0.000000 0.010000 
38477 448 444 28.560832 13 0.000000 0.010000 
38480 444 438 79.878490 13 0.000000 0.010000 
38481 605 645 362.989788 13 0.000000 0.010000 
38523 398 466 150.049325 9 0.000000 0.010000 
38524 322 358 73.285030 9 0.000000 0.010000 
38532 358 398 73.073803 9 0.000000 0.010000 
38533 172 214 161.154387 9 0.000000 0.010000 
38536 900 910 71.389546 9 0.000000 0.010000 
38537 844 861 64.918075 9 0.000000 0.010000 
38540 951 922 131.844208 9 0.000000 0.010000 
38541 888 900 70.027090 9 0.000000 0.010000 
38703 466 496 43.159588 9 0.000000 0.010000 
38750 919 909 72.464495 14 0.000000 0.010000 
38751 909 896 84.946123 13 0.000000 0.010000 
38762 0 36 135.609526 12 0.000000 0.085000 
38763 36 43 125.828057 12 0.000000 0.010000 
38813 797 818 59.800072 9 0.000000 0.010000 
38814 829 844 42.603855 9 0.000000 0.010000 
38815 755 797 107.825332 9 0.000000 0.010000 
38816 672 696 58.823216 9 0.000000 0.010000 
38817 818 829 35.269766 9 0.000000 0.010000 
38818 696 717 48.646535 9 0.000000 0.010000 
38819 717 755 81.312192 9 0.000000 0.010000 
38963 623 624 57.039961 13 0.000000 0.010000 
38964 574 583 87.372656 12 0.000000 0.010000 
38965 337 327 121.441592 12 0.000000 0.010000 
38966 327 298 191.734061 14 0.000000 0.008000 
38967 321 334 186.120439 12 0.000000 0.010000 
38968 334 321 180.960099 12 0.000000 0.010000 
38969 199 168 125.611191 14 0.000000 0.009000 
38970 474 345 257.296531 14 0.000000 0.010000 
38971 359 302 134.385297 12 0.000000 0.010000 
38972 543 392 318.215504 13 0.000000 0.010000 
38973 23 0 177.256229 12 0.000000 0.000000 
38974 26 0 111.450944 12 0.000000 0.010000 
38975 7 8 136.499990 14 0.000000 0.010000 
39027 407 430 237.709910 14 0.000000 0.010000 
39028 430 431 57.717358 14 0.000000 0.010000 
39031 896 878 117.356289 13 0.000000 0.010000 
39049 599 615 30.492867 9 0.000000 0.010000 
39050 615 635 41.332314 9 0.000000 0.010000 
39071 35 43 329.666699 12 0.000000 0.010000 
39089 69 48 291.200634 12 0.000000 0.011000 
39090 534 244 606.295322 12 0.000000 0.010000 
39127 883 868 116.856031 13 0.000000 0.010000 
39128 868 853 140.564957 13 0.000000 0.010000 
39181 345 354 82.222912 14 0.000000 0.010000 
39222 911 912 219.484124 12 0.000000 0.010000 
39223 888 878 314.625007 13 0.000000 0.010000 
39224 818 786 204.830095 13 0.000000 0.010000 
39266 1274 0 250.700322 14 0.000000 0.109000 
39341 375 510 276.632346 12 0.000000 0.010000 
39342 510 534 39.680688 12 0.000000 0.010000 
39345 1218 1213 50.208356 12 0.000000 0.010000 
39352 940 911 152.494808 12 0.000000 0.010000 
39353 911 904 58.912000 12 0.000000 0.010000 
39356 511 543 49.241044 9 0.000000 0.010000 
39357 543 599 88.912132 9 0.000000 0.010000 
39425 294 302 22.268007 12 0.000000 0.010000 
39426 302 305 49.148847 12 0.000000 0.009000 
39434 756 786 75.390260 14 0.000000 0.010000 
39435 786 809 79.652886 14 0.000000 0.010000 
39480 655 631 151.554702 12 0.000000 0.152000 
39481 631 604 110.658292 12 0.000000 0.036000 
39553 1213 1200 72.480927 12 0.000000 0.010000 
39557 132 151 101.884250 9 0.000000 0.010000 
39572 244 250 24.032214 12 0.041653 0.716000 
39573 250 350 229.851649 12 0.041653 0.603000 
39588 1200 1198 39.097082 12 0.000000 0.010000 
39600 1191 1189 262.680606 12 0.000000 0.010000 
39601 1189 1188 62.189861 12 0.000000 0.010000 
39604 1015 1013 103.292595 12 0.000000 0.010000 
39605 1013 1011 72.230840 12 0.000000 0.010000 
39609 1245 1232 315.583040 12 0.000000 0.010000 
39610 1232 1218 110.156692 12 0.000000 0.010000 
39667 534 515 37.911259 12 0.000000 0.010000 
39668 515 375 301.476578 12 0.000000 0.000000 
39678 1273 0 431.078779 14 0.000000 0.010000 
39684 919 941 97.536854 14 0.000000 0.010000 
39685 941 962 77.199753 14 0.000000 0.010000 
39737 390 0 403.329136 14 0.000000 0.010000 
39743 390 427 123.480246 14 0.000000 0.009000 
39744 427 447 69.567058 14 0.000000 0.009000 
39748 956 962 217.391964 12 0.000000 0.010000 
39749 962 969 307.578340 12 0.000000 0.010000 
39860 110 111 10.533398 12 0.000000 0.010000 
39861 111 117 104.384241 12 0.000000 0.010000 
39862 350 256 228.979269 12 0.069421 0.716000 
39863 256 244 24.853789 12 0.041653 0.716000 
39877 472 474 76.196098 12 0.000000 0.010000 
39878 474 479 73.972053 12 0.000000 0.010000 
39893 452 404 120.327045 12 0.000000 0.010000 
39894 404 334 129.510443 12 0.000000 0.010000 
40071 151 158 34.178154 9 0.000000 0.010000 
40072 158 172 39.454535 9 0.000000 0.010000 
40102 120 109 138.818393 12 0.000000 0.010000 
40103 109 101 65.679828 12 0.000000 0.010000 
40106 440 434 34.057190 12 0.000000 0.023000 
40107 434 418 86.749541 12 0.000000 0.000000 
40139 194 191 28.449210 12 0.000000 0.010000 
40140 191 181 90.652496 12 0.170670 0.960000 
