1	203984.96960500000	2679168.89900000000
2	203995.18364500000	2679354.13206000000
3	204044.85831900000	2679478.32327000000
4	204050.74509700000	2679522.28924000000
5	204058.98914900000	2679113.73559000000
6	204076.05867300000	2679154.38084000000
7	204086.90145700000	2679180.57795000000
8	204125.39133200000	2679311.53892000000
9	204129.81782900000	2679822.86482000000
10	204139.25163100000	2679857.75130000000
11	204167.93407000000	2679440.66598000000
12	204191.84786900000	2679137.59911000000
13	204197.72134200000	2679146.87111000000
14	204198.57225700000	2679158.10400000000
15	204200.45939900000	2679289.82987000000
16	204223.53143600000	2679255.94074000000
17	204250.01428000000	2679348.72217000000
18	204250.02041000000	2679414.98087000000
19	204257.49732700000	2679822.86485000000
20	204279.50707900000	2680752.14473000000
21	204286.63841300000	2679814.11406000000
22	204289.08774100000	2679822.86486000000
23	204289.27221400000	2679104.32233000000
24	204304.31989200000	2680476.13437000000
25	204307.35390500000	2680475.91422000000
26	204336.66343900000	2679227.33530000000
27	204354.48194800000	2680504.38101000000
28	204396.87361400000	2679777.53500000000
29	204403.35490900000	2680180.77447000000
30	204409.89276800000	2680924.77014000000
31	204414.31791100000	2679821.94946000000
32	204453.30902200000	2680558.75269000000
33	204524.96629500000	2678949.12844000000
34	204541.48899800000	2680137.13792000000
35	204545.59804200000	2680741.04314000000
36	204547.68687300000	2681094.77128000000
37	204569.60250600000	2679987.29928000000
38	204598.45077100000	2679820.82007000000
39	204603.88101700000	2679151.34080000000
40	204605.47257500000	2680061.14459000000
41	204626.05735700000	2680117.28973000000
42	204631.35799100000	2679892.35628000000
43	204664.67905000000	2681048.45141000000
44	204682.21740700000	2679949.50990000000
45	204684.82265900000	2680688.63340000000
46	204691.99754800000	2680877.68190000000
47	204701.23043200000	2679943.63951000000
48	204715.45335300000	2679873.64745000000
49	204719.91413300000	2680014.40752000000
50	204742.54651000000	2679836.76835000000
51	204742.65838800000	2680398.92467000000
52	204745.32486600000	2680078.97566000000
53	204771.21247600000	2679820.82010000000
54	204772.52754100000	2680143.98204000000
55	204775.63924500000	2680737.92117000000
56	204787.41177900000	2680765.05171000000
57	204796.36743800000	2680538.90455000000
58	204798.34069300000	2680212.97568000000
59	204810.69993200000	2680370.12921000000
60	204814.35449500000	2680242.98658000000
61	204817.14569900000	2680834.15491000000
62	204826.16389100000	2680278.09162000000
63	204832.28485100000	2678709.46761000000
64	204840.68353700000	2679803.11168000000
65	204846.97894300000	2680902.17272000000
66	204847.37413500000	2679820.83343000000
67	204866.45982400000	2679988.37963000000
68	204873.95136300000	2680337.34240000000
69	204885.10428000000	2679710.39887000000
70	204885.25373000000	2679935.32291000000
71	204885.98097900000	2680065.34694000000
72	204891.36480600000	2680921.97077000000
73	204892.16447500000	2679982.28910000000
74	204899.50633900000	2678649.41518000000
75	204902.24855600000	2678514.52401000000
76	204903.93206900000	2680356.38989000000
77	204905.54269900000	2679561.43661000000
78	204908.21723800000	2680948.33437000000
79	204911.90558400000	2679778.39626000000
80	204913.00037900000	2680059.14693000000
81	204915.59501700000	2680482.41540000000
82	204924.48105900000	2680200.57262000000
83	204925.07174500000	2679819.93031000000
84	204937.86823100000	2679969.21205000000
85	204942.28876900000	2679644.50471000000
86	204946.89256900000	2680384.51776000000
87	204955.34531600000	2679915.61673000000
88	204956.32530600000	2680571.57263000000
89	204957.13423700000	2679686.58659000000
90	204961.81780300000	2680837.77050000000
91	204962.14052500000	2680046.84728000000
92	204975.56454900000	2680846.55803000000
93	204975.96800600000	2679960.36091000000
94	204981.99717100000	2679753.69723000000
95	204991.68298000000	2680039.43185000000
96	204997.28184900000	2680858.62936000000
97	205004.81626700000	2679819.91960000000
98	205009.27350900000	2680885.64222000000
99	205014.76101100000	2679949.38677000000
100	205015.37941400000	2680903.69243000000
101	205027.04237800000	2680934.15293000000
102	205030.91419100000	2680029.78302000000
103	205031.39742400000	2679896.77848000000
104	205031.49989900000	2680032.55383000000
105	205041.74579500000	2679187.87771000000
106	205042.04716400000	2681255.75526000000
107	205046.02274300000	2679940.52537000000
108	205048.64407000000	2680446.86386000000
109	205050.55774300000	2680995.43231000000
110	205052.47874700000	2680789.95606000000
111	205055.28953100000	2680800.10751000000
112	205060.92532400000	2682288.02732000000
113	205061.38136600000	2679326.86264000000
114	205068.81287600000	2682485.04932000000
115	205070.90271800000	2682805.01514000000
116	205074.05797300000	2680019.92545000000
117	205075.08277000000	2680901.91896000000
118	205093.02674600000	2680912.37248000000
119	205096.86465600000	2683116.85236000000
120	205100.47565300000	2681124.96511000000
121	205111.97318600000	2680923.06970000000
122	205122.72175900000	2680906.79298000000
123	205124.25771900000	2680858.94989000000
124	205126.37952400000	2680178.51499000000
125	205127.51186600000	2680932.15932000000
126	205132.32118100000	2682463.34072000000
127	205135.84835100000	2681902.15348000000
128	205139.45294800000	2678942.22221000000
129	205139.69357100000	2678985.49370000000
130	205144.26360600000	2682776.31198000000
131	205145.31798600000	2681868.26203000000
132	205146.79667600000	2679173.24833000000
133	205150.81167900000	2681312.23183000000
134	205162.15401200000	2681891.58538000000
135	205163.05181100000	2680311.95937000000
136	205166.77059300000	2683087.50195000000
137	205169.51708800000	2680510.30789000000
138	205174.57481200000	2681400.27241000000
139	205178.94566800000	2680961.38699000000
140	205181.32947200000	2680908.22140000000
141	205190.22201200000	2681438.59550000000
142	205192.61668300000	2680749.41172000000
143	205193.59502700000	2681091.39929000000
144	205193.93351700000	2680681.41523000000
145	205201.26341600000	2681483.44825000000
146	205213.96298700000	2683068.56405000000
147	205217.52492500000	2681840.62687000000
148	205226.65535600000	2680757.49582000000
149	205228.74245400000	2681865.10216000000
150	205230.46541500000	2678932.58348000000
151	205238.11409600000	2679198.94784000000
152	205244.06222500000	2682739.19612000000
153	205250.03286100000	2681272.58277000000
154	205257.16670500000	2681823.68986000000
155	205264.48931500000	2679828.10523000000
156	205266.47454000000	2681849.80550000000
157	205267.35695700000	2680849.86236000000
158	205271.70228000000	2679192.62486000000
159	205273.45698800000	2681707.59020000000
160	205274.71039600000	2681361.61965000000
161	205279.14856500000	2679229.67911000000
162	205283.90938400000	2680765.46934000000
163	205288.60354300000	2681403.59103000000
164	205293.42507000000	2680902.90814000000
165	205294.41135300000	2681945.14884000000
166	205301.39899800000	2681446.78910000000
167	205302.45551100000	2680505.77284000000
168	205302.49962700000	2678937.79659000000
169	205303.11430600000	2682404.85620000000
170	205304.75971300000	2682881.39929000000
171	205305.78043400000	2681953.23184000000
172	205310.71749300000	2679186.75345000000
173	205311.70595000000	2680828.60207000000
174	205318.25242500000	2681496.73495000000
175	205324.88079700000	2682003.61594000000
176	205327.05236700000	2681554.76379000000
177	205327.42427000000	2678014.57116000000
178	205328.75738000000	2681042.77948000000
179	205337.11565100000	2680884.07974000000
180	205342.79594000000	2681037.79596000000
181	205353.26481600000	2681686.77859000000
182	205369.20638300000	2679819.02473000000
183	205372.78984500000	2682849.72363000000
184	205373.56679300000	2680865.81042000000
185	205373.64809100000	2682096.31147000000
186	205376.10240300000	2681230.94010000000
187	205376.95373100000	2679773.28417000000
188	205377.82163700000	2682705.08860000000
189	205380.40403600000	2681434.93801000000
190	205380.42805500000	2679763.42748000000
191	205384.33906000000	2681771.93883000000
192	205389.21504300000	2680857.83589000000
193	205392.79710300000	2681341.02718000000
194	205393.24038100000	2681798.95964000000
195	205395.20145000000	2682376.17046000000
196	205400.62120800000	2681394.07249000000
197	205404.04853900000	2682189.12576000000
198	205405.00787100000	2681403.92998000000
199	205405.43145900000	2679002.13755000000
200	205405.80332600000	2680694.15425000000
201	205411.06255400000	2682834.44333000000
202	205414.44063000000	2681429.06776000000
203	205421.96155600000	2681876.15566000000
204	205430.19737900000	2681538.25685000000
205	205430.68234700000	2678200.96277000000
206	205433.84261200000	2681913.25205000000
207	205436.54185500000	2682823.47793000000
208	205437.75332400000	2682272.95906000000
209	205449.67207500000	2681963.30746000000
210	205449.74176800000	2681669.27535000000
211	205456.64739200000	2682813.83956000000
212	205465.25482000000	2681739.50958000000
213	205466.75603600000	2682485.09446000000
214	205467.83712800000	2679152.42400000000
215	205467.94873100000	2683066.46092000000
216	205470.98403100000	2682263.98830000000
217	205473.19259500000	2681749.82887000000
218	205479.33655000000	2682062.09234000000
219	205485.17904300000	2678154.45448000000
220	205494.84739900000	2682794.57306000000
221	205502.80370400000	2681323.41335000000
222	205503.48467800000	2680118.81258000000
223	205507.09721200000	2681211.56202000000
224	205507.15763300000	2682155.45547000000
225	205508.11799300000	2681735.54079000000
226	205509.28102600000	2679912.59783000000
227	205510.29911300000	2681385.87791000000
228	205512.45873800000	2677978.79596000000
229	205514.38846900000	2683249.62973000000
230	205515.49060900000	2681412.45023000000
231	205517.19557200000	2680163.89408000000
232	205520.39948000000	2680540.53705000000
233	205521.12232700000	2681822.55027000000
234	205531.21049500000	2681523.53463000000
235	205532.61848200000	2682239.07066000000
236	205542.57045500000	2680238.09060000000
237	205542.94422400000	2678223.66860000000
238	205546.26442900000	2683238.11750000000
239	205547.65241600000	2680154.92325000000
240	205551.81366400000	2681652.65986000000
241	205553.74171800000	2679818.24553000000
242	205554.66962000000	2678590.69496000000
243	205556.21469800000	2680717.95398000000
244	205556.98835200000	2683410.66182000000
245	205557.80994200000	2681930.63554000000
246	205560.03164800000	2683044.75223000000
247	205564.60911600000	2681710.68871000000
248	205565.72479300000	2683451.74771000000
249	205565.97099500000	2680946.09538000000
250	205573.73014500000	2683393.42060000000
251	205574.90816000000	2679773.72145000000
252	205574.94565600000	2683080.74398000000
253	205576.27037100000	2678070.94559000000
254	205577.16597900000	2681802.72574000000
255	205578.78005500000	2678374.17880000000
256	205581.69759400000	2683413.33843000000
257	205581.74242000000	2678274.72237000000
258	205583.92685800000	2677818.76329000000
259	205584.18822200000	2682997.01890000000
260	205587.51119400000	2682027.76569000000
261	205589.69962100000	2678588.81084000000
262	205591.87325900000	2679757.77421000000
263	205591.95103500000	2679962.55509000000
264	205601.27216000000	2682435.75375000000
265	205601.97062400000	2681241.90247000000
266	205605.91996000000	2681694.08345000000
267	205610.03755700000	2679113.88093000000
268	205612.77446500000	2681305.80157000000
269	205613.90064800000	2682715.94143000000
270	205617.29238300000	2679039.90248000000
271	205618.25569600000	2682120.78990000000
272	205621.56355900000	2678341.84449000000
273	205621.82327000000	2679826.22019000000
274	205622.60861600000	2681340.68728000000
275	205626.58553000000	2682646.06141000000
276	205629.37064900000	2682941.75978000000
277	205630.12252900000	2679818.13598000000
278	205630.54228400000	2681393.96196000000
279	205634.96260700000	2677871.92219000000
280	205640.35792700000	2681786.88844000000
281	205641.17876400000	2678137.94790000000
282	205641.76367700000	2682979.85456000000
283	205642.92007800000	2679805.61697000000
284	205643.89778600000	2682203.84602000000
285	205645.99685200000	2682485.91877000000
286	205647.21343100000	2681514.00687000000
287	205647.23446000000	2678419.92015000000
288	205648.41970700000	2681302.03450000000
289	205650.42991400000	2680190.02841000000
290	205650.67632100000	2682701.54889000000
291	205651.54901300000	2679991.12170000000
292	205659.38739100000	2681321.42079000000
293	205664.42708800000	2682915.06764000000
294	205668.02614800000	2678483.04464000000
295	205668.23443300000	2681387.98112000000
296	205669.08846600000	2680909.44615000000
297	205670.67228400000	2682736.20527000000
298	205671.50810700000	2681116.53512000000
299	205672.71049200000	2679221.09017000000
300	205673.88046700000	2681895.96899000000
301	205674.43742300000	2682628.89809000000
302	205674.85704500000	2678504.23905000000
303	205676.21122500000	2677979.24450000000
304	205684.02164200000	2678185.12487000000
305	205689.85614200000	2678551.04328000000
306	205691.98757600000	2679818.13599000000
307	205695.74917600000	2682681.61478000000
308	205697.00658100000	2682787.59595000000
309	205700.00833400000	2680013.15931000000
310	205700.60388100000	2681993.09911000000
311	205701.16592100000	2682798.66990000000
312	205704.16568200000	2677810.01529000000
313	205704.66125300000	2677952.22526000000
314	205705.55254900000	2682958.58420000000
315	205712.20017600000	2682716.27116000000
316	205712.41429500000	2678072.27475000000
317	205713.38764800000	2679009.22653000000
318	205716.13738600000	2682399.47957000000
319	205716.24224600000	2680216.38594000000
320	205719.90666800000	2681881.36144000000
321	205728.79790100000	2681201.04106000000
322	205729.11065300000	2679082.31721000000
323	205731.79793400000	2678561.35378000000
324	205732.31608500000	2682086.34653000000
325	205733.55463400000	2679263.39533000000
326	205736.05907200000	2680152.15657000000
327	205739.92735700000	2681288.42325000000
328	205740.59790500000	2681978.37176000000
329	205745.05105300000	2682427.44448000000
330	205748.14057400000	2678159.43212000000
331	205749.17308900000	2679827.22063000000
332	205749.67009600000	2682703.76575000000
333	205750.00386500000	2682906.64982000000
334	205751.59029800000	2681375.35696000000
335	205755.24598000000	2683282.97667000000
336	205755.94935800000	2678200.41808000000
337	205759.64684700000	2681408.25314000000
338	205760.07573400000	2682167.42029000000
339	205764.44277600000	2682933.01328000000
340	205768.74793700000	2678280.48744000000
341	205770.08921900000	2681507.47210000000
342	205770.90260800000	2680038.52976000000
343	205772.15769500000	2681195.49950000000
344	205774.57950000000	2678016.45640000000
345	205777.49672000000	2678337.20076000000
346	205782.31810800000	2682978.08521000000
347	205785.09209100000	2682675.40970000000
348	205789.35394800000	2677870.26027000000
349	205789.84557300000	2681619.55280000000
350	205791.50756000000	2683329.26524000000
351	205792.40317600000	2682764.11798000000
352	205793.37480900000	2679302.48729000000
353	205794.23656600000	2680864.36776000000
354	205795.25950400000	2678417.48208000000
355	205795.97305200000	2681280.55939000000
356	205797.37557000000	2682650.60059000000
357	205799.09841800000	2678171.51206000000
358	205802.16971500000	2679076.56663000000
359	205806.35727000000	2678492.34858000000
360	205808.17337700000	2682152.57927000000
361	205808.41722600000	2681611.79849000000
362	205808.80659200000	2678553.59917000000
363	205808.91593400000	2683394.72004000000
364	205813.07827500000	2681797.29787000000
365	205815.33522300000	2681195.72785000000
366	205816.09161700000	2682501.76023000000
367	205819.07358000000	2681842.59911000000
368	205821.03901200000	2678187.57018000000
369	205824.20568700000	2681865.63269000000
370	205824.41572600000	2681274.68811000000
371	205824.42969200000	2682800.21915000000
372	205827.00557800000	2680607.77076000000
373	205827.75167000000	2681901.40513000000
374	205828.30435500000	2682879.18973000000
375	205829.47405100000	2683305.76770000000
376	205834.55846800000	2680062.33868000000
377	205835.42990800000	2678057.65331000000
378	205835.60926200000	2679828.65318000000
379	205836.27083600000	2682692.90583000000
380	205836.56184300000	2681997.63315000000
381	205840.67854400000	2680845.64073000000
382	205840.84664200000	2680064.66101000000
383	205840.87967000000	2682825.57915000000
384	205842.37569900000	2682744.17670000000
385	205849.18377900000	2680031.65907000000
386	205849.39498100000	2682706.85910000000
387	205850.26133200000	2682345.37854000000
388	205850.42095100000	2682902.10763000000
389	205850.65177300000	2681192.39492000000
390	205854.52060600000	2677436.77675000000
391	205855.24189600000	2679342.69435000000
392	205859.70335400000	2679195.72453000000
393	205860.51345700000	2681760.97251000000
394	205861.60674300000	2682859.90582000000
395	205864.33909500000	2681271.36441000000
396	205871.40098700000	2682734.54857000000
397	205872.59770200000	2680414.83997000000
398	205875.19088900000	2679073.79375000000
399	205875.47493700000	2680925.16384000000
400	205875.78791900000	2681862.29874000000
401	205876.85756400000	2678548.83356000000
402	205877.36246200000	2682937.54016000000
403	205878.50305400000	2678683.72494000000
404	205879.11079400000	2681353.18761000000
405	205883.90385500000	2681911.25751000000
406	205884.16683300000	2682334.47355000000
407	205890.65247700000	2677362.79689000000
408	205891.02938100000	2678185.79563000000
409	205891.37857700000	2678079.81130000000
410	205899.47804000000	2682930.67360000000
411	205901.02030800000	2679833.30814000000
412	205905.74559600000	2680088.91125000000
413	205907.48243600000	2682605.97205000000
414	205907.76613400000	2682327.97357000000
415	205908.91697200000	2682783.82686000000
416	205909.93270900000	2682952.49178000000
417	205916.08489700000	2683355.94523000000
418	205920.89939400000	2682806.86046000000
419	205925.55962000000	2682036.84404000000
420	205925.78993700000	2677921.87396000000
421	205926.79615600000	2680698.90652000000
422	205927.94067300000	2681049.31543000000
423	205928.97982500000	2681857.87328000000
424	205934.38708700000	2682635.98280000000
425	205936.04308200000	2678191.99586000000
426	205937.82686700000	2681921.10579000000
427	205939.94745100000	2677525.93742000000
428	205940.74739400000	2681086.83779000000
429	205941.49872500000	2677721.97187000000
430	205947.51775500000	2677134.34468000000
431	205954.59750600000	2677077.06318000000
432	205956.21185200000	2682657.24294000000
433	205960.21688000000	2679906.17970000000
434	205960.70803000000	2682883.93676000000
435	205962.20572700000	2676965.86260000000
436	205970.64352600000	2680112.05563000000
437	205971.43351100000	2677699.15615000000
438	205973.12821700000	2681175.12207000000
439	205974.50398100000	2683509.11137000000
440	205974.52641800000	2682915.06463000000
441	205975.87951900000	2678545.06635000000
442	205979.09534400000	2682923.92583000000
443	205979.63234400000	2679837.95286000000
444	205984.47270700000	2681254.19088000000
445	205987.37837300000	2682066.07865000000
446	205988.49028600000	2682590.24328000000
447	205989.03867800000	2677575.22867000000
448	205990.54174100000	2681282.09944000000
449	205995.07952500000	2683329.14343000000
450	205995.39541700000	2679288.32384000000
451	205995.89930800000	2677479.21029000000
452	205997.78013800000	2681333.28323000000
453	206000.03889400000	2681852.23547000000
454	206001.58769800000	2680478.32159000000
455	206005.63093200000	2681025.74363000000
456	206006.75230600000	2677931.29640000000
457	206011.33793100000	2682736.89373000000
458	206012.66023600000	2681962.33091000000
459	206013.37024600000	2678085.35616000000
460	206015.35794500000	2682995.26500000000
461	206016.13258700000	2681526.53569000000
462	206020.98875500000	2682759.37037000000
463	206021.97237500000	2679956.47392000000
464	206022.83062500000	2678542.42969000000
465	206023.60030800000	2681710.38054000000
466	206025.22059300000	2679071.36835000000
467	206026.26810800000	2678497.12753000000
468	206027.95041500000	2679441.37813000000
469	206028.11081400000	2676920.68730000000
470	206029.97095300000	2680671.34786000000
471	206030.34675900000	2682632.45738000000
472	206032.32492200000	2678405.42549000000
473	206033.02024600000	2678185.36170000000
474	206034.67085800000	2678329.26552000000
475	206035.65202800000	2680135.33754000000
476	206037.49207400000	2677767.82573000000
477	206038.27276300000	2676964.76601000000
478	206039.62413900000	2677066.43755000000
479	206039.82145300000	2678255.47300000000
480	206039.93102700000	2678213.38001000000
481	206040.18620400000	2677528.38128000000
482	206040.45880100000	2681846.85883000000
483	206044.41110200000	2677635.86668000000
484	206045.33508800000	2681021.97655000000
485	206049.36889200000	2680960.84681000000
486	206049.64644600000	2682279.23288000000
487	206050.49362900000	2677097.86622000000
488	206051.32255500000	2683308.44356000000
489	206052.58198700000	2683480.56682000000
490	206053.30286000000	2682977.54357000000
491	206061.88422100000	2677600.48741000000
492	206061.89898600000	2679840.74200000000
493	206062.28660200000	2677793.52205000000
494	206064.89619300000	2676964.54687000000
495	206066.60823300000	2682846.64334000000
496	206068.18529300000	2679075.46526000000
497	206068.52521000000	2679267.50737000000
498	206069.72184000000	2677066.54713000000
499	206077.02910900000	2682719.61056000000
500	206077.22189300000	2678888.43761000000
501	206079.67040600000	2681964.54367000000
502	206080.48729700000	2680510.54539000000
503	206080.60081400000	2682108.40081000000
504	206085.03702000000	2681842.61459000000
505	206086.24570800000	2683295.61132000000
506	206086.48082700000	2681752.57110000000
507	206088.36661000000	2679461.69264000000
508	206088.88169300000	2679335.49065000000
509	206089.83560300000	2677910.59416000000
510	206093.00180700000	2683221.63343000000
511	206097.10831200000	2679077.56747000000
512	206099.58988600000	2683568.16952000000
513	206100.41366200000	2680516.63586000000
514	206100.72237100000	2683630.74462000000
515	206101.49144700000	2683242.20475000000
516	206101.78973900000	2679816.38181000000
517	206102.37871800000	2680205.65645000000
518	206103.71857500000	2683167.59097000000
519	206105.19970500000	2679111.57652000000
520	206106.34115200000	2677469.68140000000
521	206107.86640900000	2676963.66008000000
522	206108.70662000000	2677065.66035000000
523	206109.57499400000	2680919.42283000000
524	206111.71780400000	2682824.49643000000
525	206113.49453000000	2677995.64881000000
526	206113.95045600000	2680648.65198000000
527	206114.47480100000	2679172.49544000000
528	206116.60160600000	2680164.68198000000
529	206119.43127300000	2682945.64767000000
530	206119.62058600000	2683515.67119000000
531	206124.12289500000	2683700.90418000000
532	206127.85720600000	2681321.66009000000
533	206129.04835700000	2682732.45802000000
534	206132.66998500000	2683220.63712000000
535	206134.91615400000	2679796.21784000000
536	206135.02673900000	2679816.38182000000
537	206135.42812800000	2679844.72935000000
538	206135.82863900000	2679191.91397000000
539	206140.36078000000	2681481.68292000000
540	206141.25000100000	2682134.76333000000
541	206142.75899700000	2683486.65632000000
542	206144.36020600000	2680528.70622000000
543	206146.07039700000	2679082.78050000000
544	206149.73103500000	2679318.49074000000
545	206149.81401600000	2683767.73691000000
546	206153.78489800000	2681641.71598000000
547	206155.40596300000	2683270.80288000000
548	206155.47469400000	2682928.81298000000
549	206156.13810900000	2677363.97777000000
550	206159.14121300000	2681798.42021000000
551	206159.64121800000	2682796.91645000000
552	206161.05180000000	2680839.35592000000
553	206163.72198700000	2678588.82857000000
554	206167.65258300000	2679089.64826000000
555	206167.66807400000	2677338.55589000000
556	206170.45498700000	2681753.78756000000
557	206175.66742500000	2677065.87950000000
558	206175.76632700000	2683461.84787000000
559	206176.07969400000	2680002.88320000000
560	206178.50171200000	2682033.86575000000
561	206180.33136600000	2682807.44262000000
562	206180.82546300000	2678247.82795000000
563	206182.09711100000	2678838.38930000000
564	206182.15690800000	2679985.82906000000
565	206182.83696500000	2676961.88548000000
566	206185.03628100000	2681453.44565000000
567	206185.66160500000	2678611.86416000000
568	206185.77439000000	2680985.43705000000
569	206186.90700900000	2681696.42628000000
570	206187.27670700000	2680231.91060000000
571	206187.62474800000	2681973.84314000000
572	206191.77805000000	2683114.98309000000
573	206191.90404500000	2681236.16087000000
574	206192.40261400000	2680534.91547000000
575	206192.92582000000	2681892.88919000000
576	206195.02294400000	2681662.86656000000
577	206196.76699700000	2679497.86433000000
578	206196.78228200000	2679847.05172000000
579	206197.07411800000	2679822.47137000000
580	206197.25741100000	2679816.38183000000
581	206197.68310400000	2678288.91436000000
582	206198.93366000000	2679756.90671000000
583	206201.14111600000	2680621.85004000000
584	206203.71748300000	2681331.06912000000
585	206204.01562500000	2679715.93058000000
586	206206.45963200000	2681440.93717000000
587	206210.34751800000	2683265.16191000000
588	206210.81877300000	2682798.02335000000
589	206214.28376600000	2681279.90679000000
590	206215.67614900000	2677215.17594000000
591	206216.29771900000	2677133.22096000000
592	206216.52505900000	2683289.52187000000
593	206220.39364600000	2681771.84788000000
594	206220.58313600000	2678649.96054000000
595	206220.64962600000	2677070.97289000000
596	206221.56624400000	2682896.80854000000
597	206222.90080300000	2679132.99181000000
598	206227.71081700000	2683154.96252000000
599	206231.01985600000	2679109.02482000000
600	206231.51735500000	2679816.38184000000
601	206240.31974500000	2683647.02149000000
602	206240.64776400000	2682839.10816000000
603	206242.10787900000	2680830.60422000000
604	206243.97532500000	2683429.95159000000
605	206245.07448600000	2682178.06194000000
606	206245.92942700000	2680320.06163000000
607	206246.24026200000	2683718.11899000000
608	206246.45562100000	2681416.01953000000
609	206247.75000200000	2676985.03130000000
610	206249.82626500000	2683256.30058000000
611	206251.68043400000	2679285.74120000000
612	206255.67181500000	2679513.03443000000
613	206258.02665500000	2676943.72460000000
614	206259.87794300000	2677870.16455000000
615	206260.07701200000	2679118.27125000000
616	206260.35938100000	2678389.14826000000
617	206262.22994600000	2680252.17463000000
618	206267.58918600000	2682875.21967000000
619	206268.10292600000	2683189.84776000000
620	206269.29217600000	2680533.14200000000
621	206273.31153100000	2678728.28421000000
622	206275.44339500000	2678940.26567000000
623	206280.15029100000	2680597.28135000000
624	206281.03396100000	2680654.31447000000
625	206282.68502100000	2683698.09652000000
626	206284.00914500000	2679418.25392000000
627	206284.37083800000	2681774.30024000000
628	206287.18269100000	2681533.64293000000
629	206289.74161400000	2681344.26571000000
630	206290.03967400000	2682172.32068000000
631	206294.63158800000	2683528.33451000000
632	206295.17336200000	2679954.28166000000
633	206295.90552900000	2679815.51455000000
634	206296.59978100000	2679805.31788000000
635	206299.90836800000	2679129.30861000000
636	206303.69136000000	2680107.44923000000
637	206305.14277500000	2677814.36361000000
638	206308.42233600000	2683223.42949000000
639	206315.22138900000	2683389.99471000000
640	206316.02775700000	2681361.98812000000
641	206318.02900300000	2683775.06541000000
642	206320.62864500000	2680704.04067000000
643	206323.12282400000	2682154.38013000000
644	206325.00726300000	2680030.36304000000
645	206328.04078600000	2681844.40040000000
646	206333.05046100000	2680266.58677000000
647	206336.39336900000	2679253.83233000000
648	206341.39162900000	2680530.50125000000
649	206345.26732800000	2680569.48311000000
650	206346.73751900000	2678573.45857000000
651	206356.82553400000	2681225.77607000000
652	206359.27888500000	2682110.52453000000
653	206362.04266400000	2679707.52794000000
654	206362.38656000000	2681771.52946000000
655	206363.10268600000	2683663.54000000000
656	206367.09728600000	2683026.62271000000
657	206370.81579300000	2681904.54170000000
658	206370.88065600000	2679150.57849000000
659	206370.89328600000	2677603.60659000000
660	206371.30731900000	2681790.46729000000
661	206372.96949200000	2679429.54728000000
662	206374.33974300000	2678400.57085000000
663	206377.30714400000	2678733.59769000000
664	206377.80050000000	2679792.58895000000
665	206381.49634100000	2680131.70053000000
666	206385.41538100000	2677227.81318000000
667	206389.65783300000	2681422.89738000000
668	206390.50027800000	2677995.66730000000
669	206393.52925600000	2677715.68362000000
670	206395.02333500000	2677245.53661000000
671	206396.85821600000	2682238.55260000000
672	206398.19094100000	2679070.61069000000
673	206398.35562100000	2679915.62792000000
674	206403.02981800000	2677145.27759000000
675	206404.13467800000	2681145.91878000000
676	206405.10862500000	2683367.73695000000
677	206405.66882600000	2679815.51458000000
678	206406.83206100000	2679787.71590000000
679	206409.27619800000	2683088.42064000000
680	206412.39441300000	2680530.72039000000
681	206415.73368300000	2678999.20531000000
682	206417.64569100000	2681971.65093000000
683	206421.69258200000	2683771.74576000000
684	206422.79439200000	2683633.41824000000
685	206426.56917100000	2679247.70185000000
686	206433.75510500000	2677666.73223000000
687	206433.87549400000	2678524.72710000000
688	206437.07595600000	2679990.71242000000
689	206439.48452200000	2680150.96723000000
690	206441.49864300000	2679205.05359000000
691	206443.08830000000	2683340.93486000000
692	206449.24083700000	2679364.11882000000
693	206450.55694000000	2678905.81780000000
694	206453.36740600000	2677165.20571000000
695	206453.92446100000	2677106.41468000000
696	206454.24606200000	2679052.77831000000
697	206454.92182200000	2677060.80460000000
698	206458.39915900000	2677452.86428000000
699	206462.30898200000	2683607.95139000000
700	206465.00174700000	2679433.87254000000
701	206465.39037400000	2678069.86642000000
702	206467.85145800000	2682242.75899000000
703	206469.91187500000	2683623.89954000000
704	206472.79310700000	2680078.87383000000
705	206475.73612900000	2681938.86941000000
706	206477.57245000000	2678630.93083000000
707	206481.57271500000	2683653.02398000000
708	206483.35527900000	2682085.82493000000
709	206486.89021000000	2677603.93532000000
710	206490.30691600000	2680528.94589000000
711	206490.37962700000	2680485.97676000000
712	206490.99265500000	2678494.93322000000
713	206494.59723500000	2680988.99535000000
714	206496.00846600000	2680006.99955000000
715	206498.38607900000	2680170.12436000000
716	206499.84748900000	2681418.36236000000
717	206500.24581000000	2679036.95084000000
718	206501.63983700000	2678869.93427000000
719	206504.62345600000	2677390.95517000000
720	206506.50727700000	2681730.56256000000
721	206507.08479500000	2681715.04573000000
722	206507.90469300000	2680966.95785000000
723	206508.44141900000	2680173.00474000000
724	206513.55085700000	2678021.02538000000
725	206514.82298800000	2676764.09204000000
726	206516.80027400000	2676834.53502000000
727	206517.17054500000	2682147.96105000000
728	206520.46700900000	2681505.96375000000
729	206521.71123100000	2679192.99024000000
730	206523.68538300000	2681220.45365000000
731	206524.01301100000	2681415.03353000000
732	206528.76732500000	2681154.67044000000
733	206530.48414900000	2678649.09226000000
734	206532.08950700000	2677553.09977000000
735	206532.93797500000	2679425.12172000000
736	206536.04096400000	2677851.13557000000
737	206536.73136600000	2683567.30436000000
738	206537.17611800000	2681102.73094000000
739	206538.38107300000	2678397.14155000000
740	206543.50696600000	2678923.09144000000
741	206544.81865200000	2683299.62022000000
742	206549.17167200000	2680261.16499000000
743	206554.77672600000	2680886.33186000000
744	206556.26071100000	2681217.80267000000
745	206556.32481700000	2683605.07101000000
746	206559.03661200000	2681511.85143000000
747	206561.74402700000	2681236.98522000000
748	206562.59056500000	2677971.32066000000
749	206567.18082700000	2683632.34004000000
750	206567.34297600000	2680192.41684000000
751	206569.13503400000	2678455.30703000000
752	206570.64383000000	2683758.36778000000
753	206572.88324400000	2683687.70853000000
754	206575.11241100000	2683648.95581000000
755	206576.33897500000	2679008.28897000000
756	206581.90184100000	2678813.36316000000
757	206583.01887000000	2681383.83195000000
758	206585.18973200000	2677799.32620000000
759	206585.29629000000	2677490.43699000000
760	206586.35384900000	2680522.44279000000
761	206588.99086800000	2678486.42597000000
762	206589.97794900000	2677278.34466000000
763	206590.80925700000	2681015.48487000000
764	206591.04152000000	2681852.40052000000
765	206591.30940400000	2682104.35018000000
766	206591.80598900000	2679166.32306000000
767	206593.59330100000	2680439.49550000000
768	206593.88617900000	2680326.41635000000
769	206594.29873400000	2680818.47046000000
770	206597.65128500000	2680395.51982000000
771	206600.98376900000	2679406.42818000000
772	206601.38054100000	2680521.44649000000
773	206609.24467300000	2681054.38139000000
774	206609.72722200000	2677924.47257000000
775	206613.22482100000	2681031.49422000000
776	206613.23546200000	2678436.47799000000
777	206614.84416300000	2678240.44612000000
778	206621.72204900000	2678875.49147000000
779	206621.74408800000	2680773.16979000000
780	206628.56338800000	2676824.26213000000
781	206632.24087500000	2680214.67348000000
782	206634.44710800000	2677433.51170000000
783	206638.21014000000	2678424.51784000000
784	206640.04512800000	2684085.40838000000
785	206642.70848000000	2678274.56534000000
786	206643.17121200000	2678769.43418000000
787	206646.28614300000	2679634.57233000000
788	206651.14343400000	2683615.61473000000
789	206659.00893600000	2679719.62413000000
790	206661.91002800000	2677871.64329000000
791	206663.72168300000	2680135.60287000000
792	206665.15486700000	2679380.62215000000
793	206667.89813000000	2679137.63662000000
794	206668.61822500000	2680421.66441000000
795	206672.05267600000	2683635.43958000000
796	206675.32380900000	2679814.54391000000
797	206677.37490400000	2678970.63206000000
798	206679.64742900000	2677378.68971000000
799	206681.11903000000	2684163.25243000000
800	206683.25750000000	2679902.69628000000
801	206686.86536400000	2680063.72962000000
802	206690.65800900000	2683655.48459000000
803	206690.67520700000	2679528.69815000000
804	206693.54631000000	2681965.69676000000
805	206696.64517000000	2678314.65440000000
806	206701.54358600000	2681357.91803000000
807	206706.60528700000	2680452.67276000000
808	206706.81650900000	2677622.78826000000
809	206707.72241300000	2678722.76808000000
810	206719.18679400000	2680245.90097000000
811	206719.62091700000	2680428.75119000000
812	206724.92597600000	2680931.87934000000
813	206727.81011000000	2677322.87034000000
814	206729.21742500000	2679354.81715000000
815	206730.88249200000	2680411.24878000000
816	206732.73262800000	2682503.92568000000
817	206733.05006500000	2679706.77642000000
818	206734.45417600000	2678952.79936000000
819	206746.29312800000	2679345.84617000000
820	206747.86482100000	2679814.54392000000
821	206749.78489900000	2680381.90436000000
822	206750.08038300000	2683773.31863000000
823	206751.28395000000	2680546.91324000000
824	206753.29886500000	2677484.89513000000
825	206753.85369600000	2681605.88118000000
826	206756.40349800000	2677765.87516000000
827	206757.64324300000	2678007.87233000000
828	206762.79262600000	2678826.87879000000
829	206766.44920600000	2678937.95771000000
830	206773.63876500000	2681315.16843000000
831	206775.97176700000	2677267.93776000000
832	206785.39383200000	2678361.94106000000
833	206789.07356900000	2679091.01846000000
834	206794.58242300000	2677705.07197000000
835	206795.37531900000	2683286.55661000000
836	206796.27713900000	2679327.01746000000
837	206797.03180000000	2677567.07950000000
838	206797.26014400000	2684115.42357000000
839	206797.52988400000	2678663.07177000000
840	206799.28330200000	2680785.68867000000
841	206802.14708000000	2678160.04791000000
842	206804.13397300000	2679696.04218000000
843	206805.18144700000	2680286.10954000000
844	206805.53831500000	2678921.01280000000
845	206812.96117600000	2678498.05849000000
846	206815.05008500000	2678468.04546000000
847	206815.49267000000	2684212.66233000000
848	206817.88700900000	2679157.02343000000
849	206822.85555300000	2681218.37716000000
850	206823.93092500000	2678796.08857000000
851	206825.20040400000	2677221.08968000000
852	206825.74480600000	2679814.54394000000
853	206827.00799400000	2678638.30156000000
854	206827.45413600000	2681384.61020000000
855	206829.49219500000	2684174.64190000000
856	206836.93174000000	2679450.18749000000
857	206844.73516100000	2680391.21415000000
858	206848.06060800000	2684134.24898000000
859	206851.54447200000	2678341.24325000000
860	206853.44402600000	2680205.26545000000
861	206865.57993900000	2678896.32758000000
862	206866.17077400000	2683562.03412000000
863	206868.01215800000	2679943.46458000000
864	206869.21742400000	2679684.31162000000
865	206875.40329700000	2679313.30552000000
866	206879.09312200000	2683644.11767000000
867	206882.28704400000	2677091.29742000000
868	206887.22775800000	2678765.31371000000
869	206887.31809100000	2679813.66744000000
870	206889.55200500000	2680742.50043000000
871	206891.40623400000	2683628.83817000000
872	206891.51938000000	2678020.39775000000
873	206903.53451100000	2677167.93886000000
874	206905.55489900000	2678324.40791000000
875	206906.46253100000	2683623.65387000000
876	206909.33063900000	2683635.81952000000
877	206912.39227300000	2683647.26533000000
878	206920.49459900000	2678572.40501000000
879	206921.28778600000	2682676.47803000000
880	206923.24246600000	2682969.51499000000
881	206925.36222800000	2680243.47936000000
882	206926.57395800000	2677135.71352000000
883	206933.73858900000	2678872.51481000000
884	206956.27626700000	2679670.57715000000
885	206958.90886100000	2679813.66745000000
886	206966.54806500000	2680717.70135000000
887	206973.02218400000	2679991.63717000000
888	206991.73124200000	2678866.64328000000
889	206994.72157300000	2680118.99853000000
890	207007.24528500000	2679930.74778000000
891	207011.38839600000	2679305.79034000000
892	207012.00999000000	2679094.80921000000
893	207031.34242000000	2679655.86674000000
894	207032.19768100000	2680051.91147000000
895	207034.37507900000	2677258.65939000000
896	207036.82199700000	2678556.89905000000
897	207045.77320900000	2679733.48992000000
898	207047.62678900000	2680027.54236000000
899	207060.23234300000	2681808.90976000000
900	207061.71884500000	2678868.99460000000
901	207069.40853000000	2682034.94578000000
902	207070.88101900000	2680090.11628000000
903	207074.30303600000	2679813.68942000000
904	207076.40125600000	2679303.01949000000
905	207098.25161100000	2679947.02485000000
906	207100.62009000000	2679772.70395000000
907	207108.61392000000	2678299.06777000000
908	207111.34204400000	2679926.54133000000
909	207121.76579300000	2678556.27033000000
910	207132.72942100000	2678876.34072000000
911	207135.07574500000	2679297.73478000000
912	207135.07578300000	2679115.78017000000
913	207143.21737400000	2679073.36932000000
914	207174.23534300000	2679658.45844000000
915	207174.63260900000	2679821.47470000000
916	207177.68918600000	2678297.44169000000
917	207179.49544300000	2679812.84364000000
918	207183.90575100000	2678217.48144000000
919	207193.76552800000	2678564.46431000000
920	207194.63794700000	2679616.81455000000
921	207196.50049000000	2678919.53055000000
922	207198.62217300000	2678881.54362000000
923	207199.87293000000	2680174.10217000000
924	207203.81373700000	2678813.54459000000
925	207206.41155600000	2679592.56383000000
926	207209.19678400000	2678746.54292000000
927	207219.06820100000	2680046.84907000000
928	207223.84072900000	2680882.77769000000
929	207230.75044000000	2680900.28016000000
930	207233.19976500000	2680898.61623000000
931	207237.03744100000	2679711.61486000000
932	207238.65523600000	2681957.68496000000
933	207255.36441900000	2679861.79359000000
934	207255.74042900000	2680296.14129000000
935	207257.95548300000	2678218.69795000000
936	207259.95501500000	2682782.75628000000
937	207261.87900300000	2679438.72544000000
938	207280.38004700000	2679630.76925000000
939	207282.20267600000	2679812.84366000000
940	207287.45370000000	2679291.76608000000
941	207288.72891000000	2678586.72176000000
942	207291.42254200000	2679606.73766000000
943	207295.54590700000	2680939.02767000000
944	207298.54624100000	2679885.93475000000
945	207311.03781200000	2679091.85921000000
946	207324.48192500000	2678941.90782000000
947	207325.02175600000	2680955.75911000000
948	207325.10417700000	2682462.91601000000
949	207325.89720800000	2678220.91081000000
950	207328.00690600000	2679728.88825000000
951	207329.56392100000	2678896.94342000000
952	207329.83890700000	2683781.37869000000
953	207329.97990100000	2680435.02654000000
954	207331.00384700000	2680530.26361000000
955	207331.63583600000	2679812.84367000000
956	207336.76759400000	2678827.93781000000
957	207339.61442400000	2680258.49558000000
958	207346.19568700000	2679692.89566000000
959	207351.86341100000	2679443.92928000000
960	207354.93430000000	2679424.99093000000
961	207359.28612100000	2679667.97731000000
962	207361.67991200000	2678611.97950000000
963	207364.70990100000	2676764.18586000000
964	207373.70340000000	2681134.62131000000
965	207379.41428400000	2679707.29885000000
966	207384.22038600000	2680241.98943000000
967	207385.04156800000	2680424.06203000000
968	207391.38859200000	2679678.83142000000
969	207393.65664800000	2678306.08420000000
970	207395.18913400000	2680067.89037000000
971	207397.35027800000	2679031.21246000000
972	207399.28647700000	2679648.86592000000
973	207399.83737400000	2678227.27492000000
974	207415.09240900000	2678879.26631000000
975	207415.77386100000	2680255.10323000000
976	207416.70107600000	2678865.31139000000
977	207423.95899200000	2679815.65040000000
978	207424.57646300000	2677412.35530000000
979	207424.58054200000	2679812.00199000000
980	207424.69008900000	2679899.59661000000
981	207433.96626100000	2679754.41076000000
982	207443.44220700000	2678676.36591000000
983	207444.40668200000	2679625.38217000000
984	207450.13815400000	2682771.40689000000
985	207453.70456200000	2680403.39760000000
986	207456.87555500000	2679653.74003000000
987	207461.05725400000	2681836.47445000000
988	207470.55278700000	2680855.69411000000
989	207471.90057200000	2677855.48077000000
990	207476.74181700000	2678859.44087000000
991	207477.20442000000	2679682.53617000000
992	207478.76080700000	2682500.62496000000
993	207478.93901000000	2679754.52034000000
994	207479.59062600000	2678311.55028000000
995	207482.11325000000	2682415.68339000000
996	207484.80020000000	2679812.00200000000
997	207493.35545000000	2679893.61663000000
998	207493.61933100000	2681061.35088000000
999	207498.92389400000	2679427.58775000000
1000	207501.73522100000	2681136.21460000000
1001	207521.86719300000	2681615.96885000000
1002	207523.89063500000	2681141.08858000000
1003	207526.60052900000	2680852.36524000000
1004	207527.21605400000	2680262.08049000000
1005	207541.19228800000	2679674.67105000000
1006	207543.65752100000	2678855.67260000000
1007	207557.52457600000	2679812.00202000000
1008	207560.42730900000	2680369.05927000000
1009	207565.45930300000	2679881.77441000000
1010	207568.44997000000	2678949.81716000000
1011	207577.86580700000	2679454.82950000000
1012	207578.54114900000	2682079.56645000000
1013	207589.55543100000	2679526.10816000000
1014	207592.98912100000	2682193.85130000000
1015	207600.31630700000	2679628.82069000000
1016	207604.26472900000	2679656.83963000000
1017	207606.73434700000	2678840.83091000000
1018	207608.14044700000	2679688.84488000000
1019	207611.29637700000	2684539.84021000000
1020	207625.49568400000	2679811.88222000000
1021	207633.39355100000	2679872.02622000000
1022	207633.44008100000	2680467.07845000000
1023	207646.64106500000	2684381.13954000000
1024	207653.44016300000	2680467.18802000000
1025	207658.07928600000	2683736.90585000000
1026	207661.07079100000	2680266.73542000000
1027	207668.54444400000	2679573.11256000000
1028	207670.26287400000	2682126.07417000000
1029	207675.66050200000	2683736.57716000000
1030	207677.70864600000	2684579.26170000000
1031	207699.20031500000	2684517.41240000000
1032	207701.54796200000	2679811.04668000000
1033	207715.75862100000	2684345.53438000000
1034	207718.55614700000	2680425.59701000000
1035	207759.45949300000	2680205.64830000000
1036	207772.07370300000	2680273.20684000000
1037	207803.04249600000	2680277.75116000000
1038	207814.80978900000	2680822.62554000000
1039	207816.65704700000	2680698.81191000000
1040	207867.15460500000	2681521.51815000000
1041	207897.59743500000	2680408.94548000000
1042	207958.95438200000	2682776.93733000000
1043	207981.57592800000	2680106.33797000000
1044	207984.14306100000	2681322.22564000000
1045	208022.12105200000	2682777.84071000000
1046	208149.54980500000	2682900.98683000000
1047	208161.85303000000	2681589.51606000000
1048	208163.88617700000	2682805.90943000000
1049	208169.94797700000	2682781.93657000000
1050	208175.77509000000	2679817.97531000000
1051	208180.71294300000	2683805.36957000000
1052	208181.91913900000	2683871.15423000000
1053	208189.76559200000	2682546.92735000000
1054	208191.67742300000	2683529.81947000000
1055	208192.05986600000	2684016.01049000000
1056	208207.66912600000	2681052.82590000000
1057	208233.33261600000	2682973.20034000000
1058	208236.85703000000	2683562.16450000000
1059	208244.47012300000	2683327.37129000000
1060	208264.18531100000	2682982.24291000000
1061	208276.31619200000	2681640.85723000000
1062	208278.36984100000	2683793.14242000000
1063	208291.01307800000	2681573.74716000000
1064	208296.63325900000	2684030.70643000000
1065	208299.64713100000	2681388.90262000000
1066	208312.55205900000	2681474.07426000000
1067	208323.97452000000	2683154.89868000000
1068	208336.16098500000	2682780.90343000000
1069	208342.58242600000	2678319.58717000000
1070	208388.22872700000	2681422.35323000000
1071	208398.41139500000	2683031.74126000000
1072	208408.98857800000	2682625.85087000000
1073	208417.20369700000	2682868.27661000000
1074	208432.85998100000	2682578.22667000000
1075	208463.45685500000	2681601.20765000000
1076	208471.41378000000	2682780.90345000000
1077	208485.02921800000	2677451.77974000000
1078	208489.30121600000	2682691.85510000000
1079	208505.15397900000	2682996.08786000000
1080	208528.33137800000	2684152.96671000000
1081	208551.66503500000	2682577.41777000000
1082	208589.75605000000	2682577.41777000000
1083	208590.17282600000	2682436.43948000000
1084	208603.83037700000	2681046.10063000000
1085	208606.29393200000	2682411.52048000000
1086	208618.39399200000	2682314.27946000000
1087	208630.05579600000	2682239.97198000000
1088	208742.85185300000	2684044.84951000000
1089	208745.00828000000	2684044.51057000000
1090	208785.94478700000	2679808.70332000000
1091	208800.33173700000	2682778.75935000000
1092	208812.45654500000	2683526.20397000000
1093	208828.37207800000	2679325.34527000000
1094	208847.18163900000	2683628.21346000000
1095	208848.86095900000	2682576.54644000000
1096	208865.21547900000	2682778.66311000000
1097	208868.95863800000	2681670.62785000000
1098	208923.23523400000	2683962.35078000000
1099	208956.02304400000	2683949.05459000000
1100	208960.01141800000	2683438.16551000000
1101	208960.88371300000	2683981.05965000000
1102	208981.97051000000	2684111.30377000000
1103	208986.28784700000	2683938.53847000000
1104	209125.95973600000	2682778.37935000000
1105	209139.40321100000	2682728.65154000000
1106	209180.60185700000	2679238.48876000000
1107	209181.41796200000	2682967.64078000000
1108	209205.60086100000	2683863.60510000000
1109	209238.57092100000	2683857.73470000000
1110	209266.98659600000	2682775.71810000000
1111	209277.84453500000	2683152.70561000000
1112	209280.47710000000	2683158.57704000000
1113	209303.81075600000	2683372.22813000000
1114	209311.58148300000	2683390.87869000000
1115	209320.00635400000	2679719.92070000000
1116	209320.10103400000	2682775.82767000000
1117	209326.60584500000	2683429.21404000000
1118	209333.08128000000	2683449.15993000000
1119	209337.75996600000	2679807.08627000000
1120	209338.51945700000	2683466.23563000000
1121	209347.92440000000	2683506.02091000000
1122	209357.18496600000	2683541.21062000000
1123	209360.75648900000	2683559.46696000000
1124	209362.35748700000	2682772.94727000000
1125	209366.75481100000	2683344.77144000000
1126	209366.84180000000	2683583.54354000000
1127	209372.68099500000	2682648.99739000000
1128	209374.43951100000	2683444.48654000000
1129	209375.04365600000	2683362.90286000000
1130	209375.57298600000	2683617.41029000000
1131	209379.72167300000	2682729.74826000000
1132	209381.64989500000	2682114.63126000000
1133	209385.75920100000	2683650.21927000000
1134	209386.69171400000	2682727.99830000000
1135	209392.13946200000	2683399.68484000000
1136	209400.81100500000	2682637.99797000000
1137	209403.27789300000	2683708.96538000000
1138	209411.38955700000	2683917.41470000000
1139	209414.28639600000	2683447.60556000000
1140	209416.57063400000	2682722.49757000000
1141	209417.05918100000	2683762.98588000000
1142	209426.06575300000	2681763.89739000000
1143	209426.36885100000	2682621.13532000000
1144	209430.76469500000	2683823.09182000000
1145	209432.15937700000	2683486.20099000000
1146	209436.08307600000	2682660.13711000000
1147	209444.67505000000	2682695.65025000000
1148	209448.11142900000	2682715.12503000000
1149	209448.73706700000	2683521.16953000000
1150	209455.20536200000	2682748.44996000000
1151	209457.15595200000	2683540.33822000000
1152	209467.25820600000	2683560.28309000000
1153	209473.63836900000	2683811.53942000000
1154	209480.98625300000	2683589.55324000000
1155	209481.00877300000	2683624.23608000000
1156	209483.58088100000	2683863.58980000000
1157	209494.71532500000	2683620.63683000000
1158	209500.31937200000	2683687.48561000000
1159	209505.24354000000	2683643.52766000000
1160	209509.16723900000	2683973.68078000000
1161	209510.39331700000	2680253.05067000000
1162	209512.97841400000	2683742.23517000000
1163	209516.58679000000	2683803.78491000000
1164	209516.73219900000	2683759.73582000000
1165	209521.59024500000	2682612.74805000000
1166	209527.25688600000	2682149.07848000000
1167	209527.27010100000	2682641.99760000000
1168	209534.15105200000	2682674.74808000000
1169	209535.44542400000	2682179.97763000000
1170	209538.97538800000	2684008.78653000000
1171	209540.33162000000	2682705.38715000000
1172	209606.77587200000	2682669.30162000000
1173	209614.01503700000	2684299.05912000000
1174	209637.70637500000	2683778.97622000000
1175	209670.08175500000	2682411.42948000000
1176	209700.25011100000	2681750.47734000000
1177	209729.27728800000	2681750.58691000000
1178	209729.52838600000	2682032.99473000000
1179	209739.60600900000	2682603.58156000000
1180	209768.84559800000	2684052.51413000000
1181	209771.97119700000	2682025.57918000000
1182	209775.41796400000	2681336.60858000000
1183	209794.50147100000	2681384.67151000000
1184	209800.54447100000	2682574.11802000000
1185	209848.44812100000	2682036.70867000000
1186	209874.33055200000	2682058.74644000000
1187	209887.12537300000	2684297.76386000000
1188	209907.00279100000	2682163.74274000000
1189	209925.92438800000	2682222.98422000000
1190	209978.44495100000	2682136.15408000000
1191	210013.99138800000	2682470.44691000000
1192	210020.94920200000	2682181.50024000000
1193	210036.20331300000	2684611.47001000000
1194	210071.19861800000	2681688.98641000000
1195	210071.19966300000	2682249.51764000000
1196	210086.64086200000	2682281.62328000000
1197	210093.62216600000	2682307.64858000000
1198	210119.70228000000	2682094.45439000000
1199	210153.87098900000	2681996.89539000000
1200	210157.97763000000	2682086.48072000000
1201	210160.39621800000	2682021.48508000000
1202	210163.28783600000	2682148.73724000000
1203	210165.34593300000	2682396.90727000000
1204	210178.92837900000	2681582.48597000000
1205	210186.09739900000	2682176.73778000000
1206	210194.50712000000	2682188.73771000000
1207	210202.97725300000	2682200.73765000000
1208	210204.13640600000	2682005.23566000000
1209	210205.90777600000	2682352.23749000000
1210	210207.38533500000	2682379.18538000000
1211	210207.80723600000	2682207.98738000000
1212	210220.81757200000	2682236.23777000000
1213	210226.94698600000	2682066.35557000000
1214	210230.03723600000	2682269.73704000000
1215	210239.18726800000	2682308.73709000000
1216	210251.35090200000	2681970.48507000000
1217	210268.12132000000	2681905.73510000000
1218	210269.28947900000	2682039.37595000000
1219	210278.12130000000	2681943.73580000000
1220	210284.73095500000	2681960.23510000000
1221	210289.04560400000	2682127.73558000000
1222	210292.57140800000	2681981.23578000000
1223	210307.54637400000	2682156.98537000000
1224	210320.63555500000	2682180.98524000000
1225	210322.45612700000	2682262.23543000000
1226	210323.21137000000	2681849.98588000000
1227	210337.13106600000	2681882.98549000000
1228	210349.96127000000	2681921.48589000000
1229	210361.56169900000	2681957.48574000000
1230	210362.07595100000	2682132.48580000000
1231	210367.15151600000	2681837.73609000000
1232	210368.96799000000	2681994.41127000000
1233	210370.41602300000	2682241.98535000000
1234	210380.61563000000	2682164.98568000000
1235	210380.73746400000	2681549.73625000000
1236	210390.57150100000	2681909.48594000000
1237	210400.62261700000	2682287.70062000000
1238	210408.65154000000	2681964.73549000000
1239	210436.26540100000	2682196.98484000000
1240	210500.41682500000	2681478.34071000000
1241	210606.29478900000	2682145.73503000000
1242	210606.29479600000	2682109.23553000000
1243	210612.84501000000	2682163.48560000000
1244	210634.25585200000	2682202.74984000000
1245	210677.90063800000	2681929.97879000000
1246	210702.10400700000	2682037.48577000000
1247	210714.75390100000	2682124.98527000000
1248	210740.57207300000	2681920.73539000000
1249	210749.60236300000	2681963.98600000000
1250	210755.54234400000	2681999.73601000000
1251	210758.57397200000	2682026.98597000000
1252	210759.00403000000	2682033.48512000000
1253	210761.14408500000	2682067.23527000000
1254	210778.34340600000	2682125.03546000000
1255	210791.75377200000	2681320.30267000000
1256	210792.09508500000	2682146.07400000000
1257	210797.21237800000	2681957.73567000000
1258	210803.68277100000	2681991.98556000000
1259	210806.88405500000	2682030.23607000000
1260	210830.30880600000	2681888.40548000000
1261	210842.00650700000	2681945.44902000000
1262	210842.76020300000	2681620.28097000000
1263	210847.25633800000	2681988.65662000000
1264	210851.24680300000	2682022.08935000000
1265	210859.14249700000	2682043.45966000000
1266	210863.63968200000	2682121.76388000000
1267	210886.78938400000	2681870.35487000000
1268	210905.75282000000	2682043.56923000000
1269	210914.38063400000	2682103.82184000000
1270	210974.08500200000	2681817.75642000000
1271	211127.40070200000	2681710.59933000000
1272	211200.25743600000	2682006.74428000000
1273	211489.51661400000	2681483.79422000000
1274	211503.03491700000	2681698.53385000000
1275	211512.83521400000	2681915.71670000000
1276	206254.47082600000	2683808.82223000000
1277	206651.27993500000	2684227.63762000000
1278	206538.30188000000	2676713.36652000000
1279	206523.85553000000	2676701.07532000000
1280	206145.37484300000	2679161.23740000000
1281	209252.90142100000	2679421.67223000000
1282	209771.55257600000	2680750.29235000000
1283	209536.31604400000	2680184.82345000000
1284	203964.72470900000	2679271.51248000000